65309
55268
44196
15521
4516
59787
47275
32805
88980
47661
99607
39827
59284
48067
81927
52228
22540
62057
9866
2397
67208
77698
55304
84486
10295
27356
14793
52283
88189
65402
87246
94116
34116
88410
78860
32083
42995
82868
73037
52972
77812
24610
7136
71209
98252
64459
94059
18675
8598
37906
16093
45213
88104
86628
37519
57084
79972
23605
95447
87871
8424
75057
97592
85973
95403
17860
49954
93216
94390
65270
24133
4503
37638
56011
60165
37467
3429
47961
21696
61223
10417
52611
94706
37022
70739
82656
9791
74637
52313
63238
72491
22484
36733
12190
95718
24873
88680
52559
21580
73558
92372
42703
21971
53393
59637
43656
27765
62543
96870
74255
13249
48555
48064
11318
50830
15814
76312
15022
37492
65296
27983
87294
37798
7370
91719
72027
91565
50586
22859
89476
73591
76139
92872
32150
81251
28410
40499
60355
86901
84373
16852
92534
14572
20007
35616
33112
28665
78538
90398
71082
61458
3059
56405
8123
14020
56086
57026
93744
18012
77596
21496
19055
84190
19946
2890
53532
52029
25112
30515
38828
80915
93979
65412
52741
34887
41220
83173
8759
64020
6732
70785
78074
95550
67177
46892
38602
73613
10130
67545
27259
39264
10677
94637
47698
43800
4498
27722
17032
15045
15267
92058
59618
44790
78064
30239
39254
46257
6646
90375
26861
14660
85860
98847
75273
9105
26921
94322
54408
45155
93195
77576
1113
63497
363
3017
80432
15885
42393
28352
83361
57375
10964
14499
90833
53569
71569
28041
95778
15864
33617
66972
33996
1356
31348
68314
42434
54408
88394
24845
71669
40058
3091
24733
90730
64803
60022
25409
47654
47809
37932
44791
55884
83203
4272
79299
48618
74141
99877
93230
11205
33491
64686
82317
35328
19307
69347
16519
5
61816
38330
83365
13761
94192
47501
24274
53344
19915
3497
59630
55724
15369
569
1530
79188
92755
53089
76311
88060
46899
12278
95543
21914
38158
43303
56630
83035
81059
78479
26932
2109
1166
21186
93657
38200
51410
7358
10511
41692
63154
25712
54292
77044
85621
48294
10786
31560
34187
39384
10886
67653
75924
75038
50655
24563
8065
74515
41176
68484
24657
3183
46419
16912
57400
974
6634
31422
68117
35962
51935
17021
90748
49291
11810
87542
50802
7554
96981
60019
15445
72902
80502
96139
89060
94905
13040
58235
61609
88971
56791
18000
26866
46053
14348
82740
30525
89070
7404
56716
92737
48407
53455
17610
40580
11702
1966
98900
79692
32936
68292
75908
79167
49612
30606
18832
16798
24755
96259
86937
38157
32394
68490
52745
72292
77344
89780
10891
4168
98499
43408
77542
73231
8336
27711
5792
33231
61448
58397
75524
15327
96611
50686
20852
11300
41449
15459
43290
8676
68341
93856
35577
5201
72576
73865
20811
25987
86266
33918
73359
38895
32632
55403
83711
23519
87336
12740
54967
54604
85062
78636
69125
54123
5396
52876
8526
47701
19019
31672
87686
85301
416
92661
94124
95138
66114
87295
89115
88767
2525
75125
94609
67722
4835
5954
96609
91631
18336
75360
5069
71141
36383
88257
37154
30792
69002
25173
980
50714
18831
36766
60726
18030
35621
83953
69385
36733
98159
37663
61510
10293
2920
13478
64972
5734
86697
84991
35059
82073
32513
97569
56761
52513
56358
28141
16783
45219
44038
81172
33195
30723
82229
73929
34162
4312
35077
51151
84586
85385
54572
3628
20954
23532
12145
90428
60472
88335
87082
37048
6552
82652
48046
26118
91045
52645
71222
84920
6524
95838
46004
43515
94865
98813
97799
32425
14491
40494
52142
70206
87113
73759
73980
96712
10316
28417
1441
23760
69126
97099
80138
63926
19829
57752
53053
19966
53128
67651
3247
43290
48251
3836
5763
79749
65489
89813
9961
34277
44384
12916
79183
48394
2417
95890
52414
8417
13647
12835
7209
64255
73195
91757
6573
73342
22190
53459
12400
69031
84395
77454
60930
37403
30416
92067
10607
6275
8909
5837
62085
42753
96047
43681
99039
38715
94041
32267
67161
65651
89489
42020
26482
42009
79245
38823
77253
60910
33708
1538
30692
35213
75306
91909
60127
3105
91084
98701
58381
2838
92670
14859
99287
6071
21446
29924
50275
39217
56734
21092
44104
20286
69707
16028
88124
81953
26887
33081
90278
78080
36545
82477
72444
28147
88864
41924
71508
31598
24635
27278
68841
58651
29222
82157
35056
86552
54713
90058
37994
90346
71576
79402
91044
37765
70413
44217
88257
32954
83416
5024
93852
75468
32803
90906
85862
98703
31906
33177
23625
36505
75512
39376
78989
24481
65633
54144
12751
3033
98792
50405
38342
11017
67627
18501
18741
2507
71459
55934
28541
48611
52195
35171
32655
21060
63884
27958
25083
14868
90874
84267
98629
39927
95035
90520
57641
25528
84934
49486
68274
19682
28784
64671
84356
63497
31913
41257
92871
4263
91145
6495
2150
40849
63313
65044
33171
32864
79828
93448
69154
95831
26400
65948
72763
69214
79938
5986
89594
14150
91985
17435
49056
40050
60163
50000
8707
8709
40137
39726
52122
27801
41747
222
57509
57569
91805
11329
22744
56806
81296
52438
95177
46040
10302
56742
49371
40524
21404
41281
48183
8167
28488
87242
97926
50100
36694
5709
81673
58135
97087
42821
71979
68397
24471
57223
16620
91670
40307
46036
32275
50684
34202
96259
58529
32513
50679
40559
73731
63
72070
62948
32680
75738
60783
13039
64004
57803
90218
30563
98525
40245
76087
42869
44179
20848
85131
74483
70688
32318
54696
97244
47339
78842
27574
11110
56965
54008
43023
55778
83170
18775
51269
96808
4554
17111
93711
48237
53567
57171
14508
45000
5583
74264
83647
10754
97600
70320
43442
83319
71893
44566
36704
92236
24028
28917
16005
35918
78554
30419
70893
83761
42401
20825
29615
46171
85221
32661
96538
10572
15457
83071
77296
87438
13827
85757
34488
23983
98917
70563
2529
47811
20195
23672
68283
66035
61791
62777
53551
46304
1754
17240
12219
58173
74582
71317
44217
46059
10277
30861
724
1430
81812
49413
45017
5996
47317
13146
32700
57006
12200
30755
5124
56314
54013
32046
84912
11971
44174
27276
97110
44895
65333
40239
18628
58670
71524
56012
22156
82680
61344
86099
64875
85094
10442
8920
50696
20685
64213
72467
31747
53783
99628
59502
13601
76701
76571
91832
76320
71108
89954
39301
22953
36992
6200
12563
46924
43810
1947
16305
29693
92679
71978
65443
51767
61798
90339
34608
62351
15067
27796
97764
87845
44275
17105
62772
20938
71105
56719
56716
87738
13699
7149
66148
90802
33030
96290
21637
67996
89023
66079
93453
39088
63572
38193
80389
47729
66189
5654
80696
66922
24965
12164
56373
8843
30679
50440
67152
70261
64333
57597
13546
52681
33486
31586
86682
16805
82081
11937
86442
50389
55227
71793
16733
16424
13978
60684
66267
9499
54904
17509
29534
69976
55034
30404
11401
32545
50426
30355
75484
69704
6527
9896
49669
31134
49664
38904
48969
82834
58930
47715
46086
21509
17023
21174
8608
11590
97462
44278
27817
66758
58077
78697
27912
9436
9871
369
90086
60070
42998
25617
64797
80769
50410
3392
15554
51645
83174
59334
23296
48904
38293
30281
61358
525
31100
94320
61316
65091
9692
18294
31174
69195
38416
66771
13646
90300
58712
17155
36403
78009
76345
39031
75887
69444
29175
80043
49630
36581
78202
10838
9744
90629
90682
5927
74655
93374
69574
7067
69386
8130
26796
48608
15024
14035
56061
10842
19137
55833
80466
59705
23086
93399
83176
82877
32352
59413
76614
63706
26684
15015
329
79581
11945
34144
74151
38670
22278
50058
64494
47977
29763
62618
27943
30753
91163
40768
95652
7746
59506
67046
70480
70216
71144
55821
89674
52598
88037
74832
67092
30094
85348
83747
15098
16569
59205
80385
7705
17056
81881
70190
31654
20308
56892
50048
43894
72767
20946
61970
18500
54210
66884
92121
67068
3250
33417
85857
24063
72251
90868
47148
2484
40647
3985
71633
46168
62980
5683
28212
93952
46650
20460
75247
10460
18233
63529
31838
35492
67739
20076
66296
98518
59227
44018
40577
71364
7747
71799
73079
63073
99939
69393
47293
46229
41724
80978
64504
29622
45416
17910
44826
55982
83880
21782
3962
82046
21886
17852
8649
80628
79710
94269
53722
71848
57478
14311
39884
20650
52768
85567
29083
12349
77559
33857
21382
18105
6174
58074
50708
89900
2309
37992
22600
12931
82595
98970
74705
67772
6308
81109
77059
56362
81250
46954
39995
22243
11728
25913
69588
13547
56979
13722
45835
22462
16899
3479
94788
85995
64401
75331
46785
826
40228
78301
38348
87471
93634
2684
46417
2220
88169
81069
94906
78785
22466
83143
33837
37671
89796
86428
64857
50630
71184
53157
71410
45599
15509
67276
22265
43489
77771
73052
95282
80880
65212
78722
87964
99145
53837
3301
20959
39339
17119
59548
21623
45650
54481
41408
22318
3992
57949
6054
24369
52523
39064
55095
82207
67695
16107
38463
30052
91255
89286
62773
53480
87019
75519
45416
2883
6705
79134
85786
13382
30322
18522
8328
70978
95898
43393
24321
87446
23653
26739
55176
91133
80852
79301
57939
93704
80166
53004
60523
15919
70549
46028
36769
17242
62626
11303
17570
18346
58086
28151
69906
63775
79372
68647
18320
99658
1456
2663
32640
91520
89017
42590
90590
54431
75179
61500
56522
88598
875
80685
94093
66194
53859
48953
83355
84849
98136
31193
35359
37609
30710
73676
33374
58054
51647
48865
33777
65144
20376
87892
95604
19415
82949
60468
55583
32695
48960
46206
20773
8910
33350
34467
88093
99221
63012
55418
31069
13327
82234
65134
59221
48065
96073
8794
94772
99858
44583
96782
87642
61007
50234
48211
99507
63380
73279
4223
53165
63974
69186
88818
79491
73247
29271
15097
98478
66119
17994
64258
92845
68900
56614
73806
63331
34569
31309
96720
65984
75551
60460
42015
40727
39748
92539
43465
40364
33202
90829
15160
4818
46624
95099
77863
67201
15524
34107
36183
13848
63273
73802
18662
24278
17804
97379
92544
79846
39238
98360
98534
60178
21875
96218
40385
85377
53261
24057
17809
86569
1904
90981
91993
44732
64859
4917
69586
35277
85915
24052
45083
70209
58942
85608
99492
78301
70958
68647
25246
47363
68134
65566
96392
1047
25572
97321
59596
61610
49294
26154
55654
18374
96999
66708
90142
63316
27391
26221
10225
54807
98833
59079
85692
78759
26766
59106
55574
93832
62976
83214
19740
40767
75859
6951
95939
7599
76192
22958
74561
71326
82515
61185
77764
81154
97831
25452
18001
90682
88933
44282
19837
93630
54434
84688
84418
65422
5442
88635
80836
70902
23262
92581
83630
66897
54908
10325
38307
36355
85759
14001
69866
87586
82928
28706
88711
34650
82581
37825
41527
59208
83198
59898
4549
1022
59742
1040
98806
24526
53373
6691
70477
87711
84820
23756
19273
51108
79720
76129
11576
60214
66566
46850
45152
43272
96598
10965
61794
11619
89515
99462
62999
93178
17644
9857
94954
48101
68111
73598
82213
4690
59879
67582
23299
5381
60638
7776
13024
64037
87812
98534
16559
39054
50664
97626
54406
3336
78731
98609
70190
74398
11647
11605
73222
61182
67908
35627
23757
40003
30036
22160
46415
87069
99191
52098
93485
73969
21476
23725
22399
95955
42964
34505
4823
75888
26310
86173
20347
10116
9008
43944
30414
61683
80077
48509
62593
70675
72570
69140
77785
71647
87106
17109
70566
98306
1698
636
32560
58001
41929
1952
62591
53603
16577
34831
15100
56693
20926
81825
3447
40599
52430
56328
69075
30062
32563
86991
9096
68747
5037
45114
29682
50977
36213
32335
82038
9871
72023
81721
52065
22587
5844
85836
24095
62141
98570
31757
41046
6219
29467
13298
61543
50353
92130
6426
17348
23721
83157
9543
67043
3237
82282
34281
30273
81203
87576
48808
85518
74803
64715
18355
52004
631
65195
33435
40009
40459
50675
93088
31007
13626
99922
58259
7702
39329
89325
4578
8366
76662
83281
30753
67659
18927
32102
75251
8076
28199
81713
99093
77950
76856
18796
61712
88919
74088
84740
1393
1627
50439
23799
55842
87925
73708
70001
38180
55525
37471
74247
18079
36022
7246
90647
62956
18230
97846
8001
44925
17784
61146
1632
82292
32406
37140
59482
98033
79599
29035
43903
43107
19150
73726
24425
9537
73131
91617
77094
28945
99438
86097
32623
68808
65918
57087
72423
19761
20815
38491
34569
5492
34308
40426
51628
82128
25169
36540
51265
76209
5456
26784
58611
94402
69019
61323
71765
53142
26364
43063
6594
57189
49922
83146
30367
60715
62281
52897
92453
60234
71484
79467
57580
39185
23128
25130
24580
97997
95244
28810
40524
72638
87920
23033
42135
39920
79012
25709
5350
32353
95033
86501
53753
65664
42965
59350
20297
82118
45104
99758
52802
36028
54171
84173
39526
83431
46095
60411
9048
18450
7204
56418
67327
82483
79748
86272
45940
36556
6498
97903
33949
16186
77878
68610
45039
22087
85672
30759
99547
54047
74917
40513
84131
55961
90664
74166
40114
12596
36711
64234
72665
56632
83117
60396
78619
48975
7058
33472
81386
46542
58703
86305
92489
39762
69005
17470
90752
51696
87289
80773
81809
87748
28916
7523
9666
38682
68122
29862
97451
48136
68131
57732
10776
86868
4321
51104
35049
18736
8515
57139
77381
71491
58157
87509
86187
18330
37051
52887
57016
85992
45957
98016
49942
1770
22437
51116
67942
17703
6680
32028
25975
63910
44252
74229
8986
41549
64803
38916
61183
25858
55060
71269
58696
62516
55867
54590
62315
64092
40676
61532
26731
56544
60105
26647
65718
34345
40039
19804
69447
78358
63108
90509
72051
94890
93255
58427
86563
93793
12661
56402
6487
6821
60608
68112
15632
16906
78486
98494
7515
97013
90191
94842
89465
66969
84681
34539
89923
24362
74372
87759
26317
52605
78610
98647
7216
59202
22376
63532
37352
97132
13285
60008
4318
28905
77739
90239
66306
19234
23963
72307
25847
67007
84411
52686
89921
52505
56086
30140
88275
70018
32502
27922
68006
81998
42874
50311
12504
4363
40390
20657
53155
43058
84311
37713
55648
68648
61269
30234
21156
70161
14147
60407
5929
33221
69065
96411
94725
88758
9140
87636
12992
85604
99696
59836
9123
96951
54140
601
34420
91465
66024
93689
21672
40135
96754
23915
3089
27933
63129
52799
26329
51274
49637
23465
26125
87711
77610
48681
54058
25119
94194
75093
45121
59142
27969
62823
21694
4705
146
901
8280
11202
69348
68808
89448
1986
3981
71753
15153
22738
18370
38590
5319
48923
46265
42143
87620
82562
26692
22430
28499
40451
98099
91872
18928
58850
1060
47701
67866
12541
22856
1842
25931
15357
2664
2890
47769
3385
78424
82927
70234
72525
52997
69181
40080
43750
84103
1491
84492
60606
36786
9167
33693
24752
7024
74436
59165
44382
29701
4840
13479
55710
21456
18524
70705
39903
96025
26790
74529
70663
88421
59083
12045
59566
27585
9725
79713
96880
88520
21653
69995
1844
20163
58122
96268
76475
7281
93091
46301
96808
98958
20018
83879
83541
62233
32450
39950
37384
75675
78429
5349
97107
74185
59337
32929
63557
76770
37533
65498
94584
3046
98316
7227
22705
26324
18682
49241
85147
80271
79384
30750
83311
84126
47723
78853
10735
68053
97414
97562
12613
38739
74123
40425
31307
35138
36711
88384
37439
34075
61786
64353
44562
36964
33464
28188
17384
14367
78181
61018
83674
81464
7733
58690
37276
5328
2895
94604
13378
67018
52877
35883
5681
13363
90626
39105
13210
80884
95864
83506
14633
90097
21168
2370
24438
50701
72186
85709
82772
36102
20828
74342
96740
95625
35057
51104
29347
40792
85079
91972
87239
37038
28342
67137
60331
78914
34308
67637
42988
96510
20967
12594
4166
29807
92473
37530
90528
29577
48794
79381
49169
88000
2780
70567
55503
33433
81918
42981
60058
37604
7334
75188
94874
84376
51148
78494
8828
57146
87127
2267
47459
30445
78336
99021
20026
51673
34953
33602
37988
6185
66814
40905
39819
21494
59010
36330
36043
29723
20178
62780
9403
18263
97955
5169
15760
40727
94787
30703
12766
68334
22312
47945
41500
36471
54238
64895
55482
23314
61457
40728
50575
74979
74806
94642
24655
36953
74313
6373
47633
38381
40516
31593
40719
79567
89698
94218
82816
3099
1513
79124
63364
85743
6290
64670
76408
97571
94150
67434
7021
96864
79084
24944
31817
66577
54314
89498
71806
43759
37101
85061
48416
41366
5522
14811
85140
37369
92720
87938
80707
94583
92624
76424
48082
88716
72556
14942
82699
26753
52736
92127
15972
45076
33121
15953
22937
51489
74807
46638
91807
44149
59495
43559
82010
81319
55453
62345
84367
40
14483
49153
73803
95465
59750
53801
33766
33968
12616
35411
58566
96325
97332
35565
81699
1630
42055
44519
84161
54085
38852
58514
65083
85640
17768
57236
36364
67003
85396
46923
31130
63913
44911
72745
17067
13513
57645
81594
63347
40177
1736
21227
14514
56967
51641
21748
7965
58079
32360
70596
85725
78712
31901
3229
29734
92674
40593
66201
62327
18586
37461
34731
51532
39154
38626
17718
14770
31954
46471
33731
49810
61510
14041
52844
46718
30072
18337
33393
2860
87078
19752
48790
8496
44862
94864
90463
70379
41119
2489
3146
37412
72283
46735
36763
85068
79976
9104
72527
61373
90708
70998
90975
36088
21239
9092
44351
56112
44356
66719
88714
88271
65350
17615
25570
42079
43320
67525
69836
51807
38921
71144
92551
98407
45190
79248
73717
2553
92142
3809
79152
14772
98920
40356
98186
51119
40641
95466
19022
78387
5212
76987
11966
57848
41523
93708
57490
4715
89280
72788
53817
18580
64586
83185
21503
62099
96507
22721
13944
49905
42202
22067
88772
89120
49694
75647
95401
10127
11887
4370
10747
53478
43300
59533
48804
64227
46138
25668
10023
51816
18434
30925
74515
53847
13051
7156
26411
36613
59287
30995
14426
30725
36832
98841
97499
66873
83816
80453
8463
42112
94745
90181
16462
22698
79977
74561
90826
88045
91537
80476
15117
96709
1813
11731
70046
57774
85109
522
17091
50677
2639
98481
70201
52191
43385
87878
39088
95152
81492
82566
70599
56713
14899
12194
50299
20714
44942
87036
22699
67065
48026
12987
81049
54605
83269
62001
30191
9373
50324
28359
27979
76897
75542
20117
57342
51805
71858
40829
56196
32554
32767
83925
8424
71557
52460
61342
1061
97354
98476
70142
55640
259
24481
87976
29851
5858
82200
31695
25910
762
8612
43926
12622
29054
25960
5236
6728
64211
776
21736
30323
88976
27250
25739
69148
64198
26450
69300
99504
96444
81053
60807
53616
18046
92794
88882
79134
75672
66859
75068
59310
5805
31742
57438
79620
57501
61525
92160
54727
48810
27374
7884
27976
88916
5303
895
73870
84334
85567
85676
68383
35348
61304
22303
41591
83185
56240
83940
10282
39266
72776
24933
64769
87810
8571
53385
7521
36240
30637
44272
51462
5527
56109
2671
72922
66556
79786
46480
28245
4749
1355
34028
54130
70529
98480
19217
59254
17818
76601
12064
21450
3843
21645
28947
14856
94389
90491
91782
46184
82781
64797
31477
81136
67950
86647
2603
37364
60212
31531
58516
26087
6477
10820
6822
39716
29530
42307
82157
98815
49514
94445
90144
12105
84249
56932
4242
53867
2720
46602
92753
50068
45144
64905
81911
17492
64144
79346
82160
13067
62871
15938
26452
88255
70815
35804
407
79360
63286
3335
31205
30651
20477
92398
78500
54315
62480
71655
73047
73184
21882
39038
416
38477
91004
78237
33271
2701
54276
27695
16714
58316
38646
90333
13209
86583
49446
20484
95225
27488
65605
55115
84592
95197
10918
69194
22789
82767
33088
1205
15221
32746
29557
52645
14943
53635
34707
19422
64728
11457
59404
22502
8212
91375
48347
10411
28280
65741
40782
86619
9333
90052
91279
22696
33432
80135
24852
11189
95109
73208
55464
28561
9063
98568
31013
85323
12288
50111
30256
97813
6643
89161
51457
91322
79817
73665
72364
42349
3609
78348
76020
19668
76390
59313
54830
52895
83922
49090
50588
43966
16263
72482
64451
35841
77616
67971
83881
14420
52936
27699
85038
51989
85144
1087
1247
21744
59988
82565
39470
24896
24573
28162
77279
34112
36724
63836
84462
85319
2946
16101
69099
90901
75101
64149
2727
61565
87946
62430
75384
67047
81434
83327
28168
88223
3815
11292
76407
62365
3957
84542
50326
42440
38692
51823
23904
86672
237
77672
20785
32262
77154
94018
60688
38877
9480
50275
8813
89705
13415
30045
80223
5255
53504
2539
95603
29112
34991
87815
98207
66701
92587
64776
35591
63045
63746
783
16900
32983
19648
57191
90167
47468
89566
29694
67226
42234
18641
75438
58879
92701
13084
10380
68742
75199
57214
58591
69779
81360
37424
10436
68187
59121
11144
74787
79006
59145
96207
95277
43220
82856
692
4436
74123
58230
84030
55498
10701
57938
20051
10678
86059
87335
28408
93692
51468
30349
30201
54845
37847
762
34574
20926
91895
16808
15969
6344
20065
59324
80698
79103
59726
63537
26004
57210
40390
11887
87183
39614
92590
71328
59288
76545
14846
31037
71310
74485
32026
50831
15294
54502
59218
89819
74324
26280
49538
84046
83873
32467
54445
62626
51645
75405
13086
854
52179
84585
56504
37045
97476
11512
15876
53384
93840
41777
92619
9782
60304
61024
68984
32237
28559
32731
9746
80704
77825
90724
25271
70943
86682
8338
56082
92520
12037
15560
53179
50040
45069
96848
18848
78348
77851
56117
90768
10322
7067
23660
72371
67332
25816
33470
20864
76612
68343
3671
12989
27503
74782
31662
84339
68614
92665
14894
74835
77845
65828
81891
51958
16197
40427
84497
86407
15447
37497
65987
26214
89682
1490
74888
31859
30652
51230
90987
23157
35680
79168
48540
78815
2179
35914
39743
90556
95880
20998
68013
63487
29634
45198
14166
53381
86342
51394
19472
49155
59638
57004
22717
97648
40012
64759
38596
12085
68505
41958
10115
11945
11845
65331
50499
25984
679
98906
71074
39438
21661
33280
72719
89281
79459
6732
90884
92632
56211
40850
60063
63211
73362
39464
76786
30465
25920
55712
34130
63726
48471
39475
62376
91409
46648
67932
25268
76780
40349
28576
77761
32275
43684
53170
87213
4039
31818
19988
68779
15689
99179
28649
82113
51216
73624
76262
59425
35488
6520
12094
5391
25176
43509
39719
50692
53756
57356
66910
53982
70018
18857
89907
84160
99522
59667
84076
70312
93897
68983
41936
97652
34808
47249
73550
36238
50965
72290
36711
82850
68080
11017
69806
11494
50627
69440
34549
21873
31253
81806
83445
55326
8664
72661
43870
51728
26655
65188
90948
9253
18224
87995
22678
55742
99324
37869
65403
92151
9338
62089
10615
15390
55885
21509
51716
81285
57388
78825
73664
99340
21774
86789
18312
41776
26214
71574
72713
33847
12221
31949
40625
92504
51604
8772
8566
31751
26635
8276
37427
60868
24549
63299
82629
97230
35650
89236
53124
63042
6772
33286
75691
13660
96578
62404
57048
93293
8036
73731
27594
89518
49560
55670
65001
29057
75257
140
45790
72451
36828
45734
59333
25244
89436
20291
46509
1864
90346
48731
37025
29048
34348
33167
9948
16219
51394
68307
78496
68450
97899
95629
48245
35344
18875
1539
66553
21304
45985
50010
95996
48945
46906
44225
4300
94445
15218
58586
76201
35028
24273
22377
97173
16157
41023
41687
19568
71661
41640
99725
44758
6623
32276
76962
12126
44267
39141
68167
7787
30930
51834
13838
47555
32939
46375
81139
38016
9617
26029
43035
23288
48989
5050
49501
83939
14628
19577
67201
61272
59483
86474
29010
51437
72283
49701
35823
11730
39181
92663
83393
3432
26466
56910
6779
39299
94922
89644
61701
38594
46913
24969
11109
11979
79170
55293
64099
51864
94038
30203
73310
97282
32933
77213
27958
34573
71388
19029
41543
39338
89775
89718
78794
66713
73847
18210
5821
3017
37202
35387
30085
62950
75979
26938
29661
99907
62136
29956
34061
56089
30279
6903
24536
30045
56999
1036
49703
47710
51023
86906
73808
38720
50423
79740
69722
17294
75129
31209
58942
23641
50480
10328
74119
43054
89450
22975
34767
22943
90200
44835
79670
29028
52085
25312
6290
77565
56291
91230
43995
14144
13694
8963
49465
71232
93126
72544
4454
58664
49190
96599
68597
22589
84197
56420
87999
29740
90514
88227
87595
76047
77203
11199
98408
89741
63885
48597
23601
34823
84713
61440
35530
72342
30435
71921
74086
36483
70054
93076
43951
73248
73331
40812
33452
16628
27711
8214
50658
77475
13931
57642
30399
96444
1870
52858
2501
95920
74489
37518
38325
19007
36137
34606
60234
53137
50408
51296
7767
75869
2475
8414
89456
56170
3370
28463
24181
58804
66265
36975
4779
54318
16208
47421
56286
92812
95227
85621
37084
96355
18750
96746
7824
22059
20915
45786
23973
2111
63012
74454
13451
30343
31675
77568
96976
86042
55101
59940
9628
19727
52549
74216
45349
7858
9681
31234
11886
99757
1279
21855
55633
86502
60031
24975
65983
86851
42705
18753
27425
43499
73558
71837
50024
85060
45048
20905
53265
85473
51911
36079
30289
16653
22235
45010
48993
2310
4771
78619
54291
26596
62513
19982
77066
29144
84672
51717
46203
44915
27247
91262
259
18138
77668
68217
93563
93310
1401
2122
72361
95056
18185
20092
22656
65506
13036
71403
93833
97773
35447
34727
28938
75527
68533
16785
39577
26275
16589
67051
30352
81406
44840
77838
33580
79096
65046
36277
13000
27522
25687
41531
52113
58266
97573
63370
50805
73256
16500
49678
15611
16983
89587
81231
67768
29389
85712
99701
75130
19245
37162
10093
63247
60808
90213
44550
7281
89092
83096
86128
18261
64123
68417
94210
12874
63691
82982
71612
75391
66965
71453
99189
28503
83475
88568
37270
46255
55177
10819
13332
83926
83722
7893
33548
87161
79251
44008
64085
49301
54684
13371
7051
11319
16750
65680
1393
55605
72344
65351
64242
14298
99263
57815
19586
88508
49894
26248
64994
11211
89261
77205
74541
73371
53194
61357
84559
43595
13822
46616
16815
16638
9477
14155
88449
84714
5606
29683
29760
59757
93459
58137
62612
14856
55052
99014
57444
61865
6994
65176
90938
60869
92086
91458
91106
72375
83324
51667
62786
99626
96722
59414
67215
48564
42350
69222
99375
92770
28505
76987
95924
92098
59086
7181
97794
14617
17982
4998
95312
71605
76449
77264
58956
67114
94679
58911
51545
48272
60398
52226
10606
30434
41124
78645
30604
51480
49614
36735
8150
28446
72145
72547
90339
90859
18112
81456
46644
40472
82456
19970
8741
85406
83444
78669
70072
60461
23918
49854
50068
99410
89075
58499
40221
44467
86942
68681
81911
21419
70483
92233
18998
70887
49914
17021
41986
15033
91374
60333
7531
74550
60407
14644
9280
25539
57234
36050
24994
51178
70531
90774
43186
78830
11878
97821
42761
2489
88115
743
30558
55903
36194
66605
32000
75561
4271
24842
27886
5547
83222
16244
11653
87528
86439
93607
95638
41672
23384
25902
89285
18048
57189
4267
69547
43251
91999
55102
22569
62921
51491
48951
89444
43597
38496
65251
5918
25231
20845
86976
92252
56580
26680
57605
3025
99713
85198
42623
97420
75544
98271
15643
4325
26750
73487
51495
19524
73454
24983
61899
5516
13118
4743
33797
25239
50123
95012
4353
75527
9932
2523
87388
35448
4251
40926
35850
96343
97988
497
28873
65801
43248
68547
83256
89968
56915
84795
28427
58503
60121
14703
78090
99262
45642
88066
76979
17550
92313
29089
17066
57562
55871
2809
59877
95835
17643
40459
71248
4564
32141
12432
70790
3601
96358
16894
32077
93797
48767
63994
11616
900
98802
4143
93167
35513
81735
24545
30192
34339
60822
65341
18514
12768
80978
38302
15157
51025
77284
65654
83176
17894
2304
55492
5918
63550
91852
21469
46375
24057
9084
88045
4645
43308
49763
72190
66745
71603
38744
4148
13837
12363
51762
65495
25469
12384
11840
42851
54534
98796
16043
57044
52647
76374
16220
76257
41706
23665
86606
60270
80855
68213
68096
57238
36938
25582
6356
41991
90261
6269
32212
56850
73240
40587
89661
40051
32319
27747
11497
7756
85896
96780
55749
14612
65340
54725
7314
68907
12405
54844
60113
39056
25536
44
95615
78061
64834
79599
15141
55264
65679
13761
75733
94826
93655
34709
42041
24318
27043
32388
73085
39949
5410
69041
7899
52913
83615
45060
16008
32165
50878
6501
58758
63469
79819
61372
41052
53859
22026
74297
9670
77877
71824
34424
21514
81826
31386
91270
18311
23075
77449
58928
13468
94844
98422
5741
35755
75047
19877
46342
42071
67790
25834
825
67726
15292
59952
39967
82801
71749
35318
71283
32066
44542
40559
11469
69707
50381
38017
76854
84896
62484
53594
50171
35260
78910
57249
71068
73341
33137
30798
50201
34345
31420
73316
29174
18653
56713
5462
6407
35715
68264
72067
46067
82957
25347
92181
28685
139
43613
86845
98021
62283
19227
28316
53150
21023
42408
94859
1512
41628
96205
38324
38501
94595
21673
62383
86712
49766
54406
62114
8650
5388
27633
5204
64188
64305
56580
40784
29860
41376
19483
30115
57090
6376
22961
66203
76204
44817
34014
6915
35593
63094
87966
23498
38820
51113
89353
47056
21084
87888
54137
19976
16117
18070
49486
96313
87578
8686
67618
80860
77853
13293
48765
37229
52504
16551
75171
66240
24877
12216
59916
86460
79458
10655
73645
64588
19799
62174
87222
76915
10472
93064
78185
44006
27789
85865
12151
41832
16725
16790
60140
55843
89712
46639
86325
67713
60665
28313
41999
60311
90369
3482
89087
75038
19192
12973
55229
21238
97869
50759
46098
51019
6164
76563
36819
23021
65892
6394
69568
61668
31147
2318
80482
10076
73817
46431
41597
34140
96992
27880
54431
34425
82739
49613
38687
46053
47515
83349
15342
38542
89047
86701
42374
25126
67137
91511
75861
65543
52960
30651
40312
99794
46768
39244
95231
96735
49454
36754
78437
69343
84486
98511
40984
14652
27568
89472
2001
39372
31723
60665
76332
97792
49887
88998
51004
68379
62826
52824
29071
32491
47896
1178
7775
60711
85779
10568
48910
13101
88021
44595
35382
44695
91071
9268
83612
98723
52357
96120
56097
35699
88114
45394
5068
93164
23111
33144
7100
49969
73160
61396
61572
33331
92351
38900
44434
55839
58934
11952
65070
36344
13884
28179
20080
11087
24877
49905
29027
34485
78513
53483
16832
74517
20458
56972
33812
61099
94257
72061
3700
94585
48958
51514
34928
62288
13595
79965
34006
67663
28799
3423
97685
6469
61342
15855
48116
39066
30023
95061
86691
48665
60528
77551
44874
19559
62432
91561
42811
97956
6162
42281
48228
32305
10796
31478
92509
50269
82392
16921
9851
45045
32931
92039
53732
63208
42842
71167
58288
11904
80644
76321
35039
38264
11107
12129
30327
95470
39196
72104
18003
31602
27394
47286
11179
65432
73460
5938
37194
15763
46300
19676
55262
70778
84853
12932
13154
60953
32064
32433
95182
54610
4197
72939
96786
20054
43546
65651
77763
38301
87249
83725
968
28801
90018
22244
84217
46604
37185
38307
49718
93965
29920
84335
4855
31416
33369
90663
30307
79343
64605
77919
42418
64732
91497
58502
21067
24065
2030
25297
47044
62618
73859
49384
94807
84519
28973
95280
2125
67875
20086
35070
33261
93087
88451
8531
80258
96055
15414
38766
15558
87270
42660
35442
87487
36546
34642
66813
93377
13605
15044
48915
83008
6427
40135
69282
39031
94123
11671
37598
69587
91878
43368
75319
43736
92964
51734
76925
88430
60466
95306
21710
75362
95118
28750
75896
82555
57852
45693
6959
26556
88843
36289
60557
68202
62801
982
13869
79687
45991
43849
73469
69695
47499
60662
83187
16338
1516
44805
3274
82295
81397
73107
37853
15021
29856
21244
84110
62607
52550
12443
24009
32012
52514
38334
98246
62877
8907
77168
44768
83864
60731
76912
28142
61940
5045
14279
4208
86809
72606
81549
23633
78254
60285
49620
6230
41093
79733
10505
1711
85475
92586
7871
37165
23665
9697
97343
54865
21459
8161
92744
86390
15882
45266
36513
53401
12709
55843
69262
42394
69864
64751
51863
59453
74949
95
96466
34918
19604
80666
73219
15447
94786
52816
34927
79604
41142
93667
78923
71992
11850
83561
96117
23764
57492
12194
68487
48397
38253
91483
11434
47077
59974
33411
60274
19639
23760
7788
64423
89134
91947
45351
38555
71128
89009
88700
8592
51084
42068
2243
83635
1060
58689
20771
3513
224
7742
8725
83341
77723
45847
69887
73822
74343
58575
70140
4215
25630
41140
57370
35606
56082
71466
94797
25617
47233
30710
15703
6868
59152
65330
35738
32915
19734
70775
97728
39834
1472
19081
35697
47119
20506
84251
18026
14115
58948
12258
15921
68920
89737
90185
40063
24479
70353
677
67401
45182
64455
19433
19654
85770
29643
44947
30191
63205
22106
41976
50791
40302
73609
22241
71834
83474
77816
58296
49618
17335
85169
85082
80823
10573
72294
50673
38345
25441
7795
173
42428
88447
31880
85411
18373
77606
23687
14092
96692
12430
55827
80260
35928
79097
40806
45789
8995
30266
59517
69842
54106
87063
10802
14348
37559
10010
44052
56044
31056
84665
6628
65975
92615
64795
68023
62039
11113
75500
71232
78715
47139
55713
15316
971
45414
13944
27399
79071
10288
60339
36445
66942
29657
6830
99736
18590
17009
26158
34184
4094
49156
80676
84101
98491
99223
82402
18123
97235
84933
17600
64032
70072
75210
74243
91836
92585
52519
89069
4813
77370
33401
33417
74751
2436
33856
89102
12871
91107
78403
74562
25027
71240
22688
86720
92440
78022
24245
53729
98102
50735
76002
59705
26038
64639
18699
1478
24959
68191
79878
72474
72362
81132
37391
47820
49618
99342
47476
45601
89739
23665
62209
93013
42536
29459
51021
11221
9644
62164
51428
70932
5845
60665
8859
74779
66044
53562
75227
92143
47232
69770
47941
36861
70282
67137
45056
57785
17498
76804
83524
66709
76458
15811
53136
99179
2952
99164
95680
48932
87377
72252
96548
90801
84029
53352
33462
36659
69272
23375
51914
91769
68076
15500
13884
13972
21459
57604
75913
79723
92498
31822
10944
79627
75854
43496
9189
31652
99124
77640
61937
9385
8034
94106
52913
6739
53561
80556
67885
72709
75227
75708
12984
55381
67055
51071
33933
18650
5504
69900
87143
68721
12992
10645
46985
39560
79778
82598
3718
44166
92181
14061
66199
56585
83089
44837
44391
50963
81069
50900
8029
76653
23788
29614
12319
92826
93773
96558
61171
8636
55648
90904
49546
75552
94450
49337
36152
40003
18552
20788
46071
32207
21043
62068
9108
47361
54854
40275
38857
2501
65904
20208
67479
75309
7842
48340
74194
80235
68487
39992
43835
82122
55705
56449
72901
25300
80428
26705
65340
96930
9996
8275
81224
54855
33785
59455
89806
48702
38585
79508
43103
72008
95979
90029
45687
91879
55950
92008
41252
17395
13201
63143
65883
53832
6717
86093
13800
47741
61562
24502
89884
52158
79896
51537
94140
489
4423
41802
81449
47906
99577
52373
88464
82984
91233
44431
43413
76789
85980
47492
40808
47664
65312
7786
88973
51198
78674
65076
22682
94536
74086
82365
3758
77981
80223
48054
81005
22948
82297
93512
84569
86028
72143
93357
93396
81693
97793
14975
86474
39249
38278
47405
77581
97160
22931
42452
24073
14381
88340
43041
51604
87728
88201
5185
91074
6172
19913
84683
23381
47334
59605
18345
54439
2939
10198
36391
53779
32420
94339
22238
70285
14176
82671
26407
50411
22447
81284
98129
42389
42442
3828
61
25084
62532
97041
91086
53587
10187
70952
69217
71081
33048
11633
15489
68500
35475
18340
1022
81673
99377
8136
30292
70379
79427
77438
12216
8397
99084
30045
24602
78260
59501
94641
49003
83402
16404
21637
60680
56759
53309
56986
80282
48132
49579
31588
68492
76994
75688
48943
75647
37353
22332
31122
29295
43498
72772
58384
2298
72104
19961
85629
90988
70267
89389
16285
65909
9230
16128
40530
80857
63673
26767
61994
9364
73434
18403
94538
92063
65456
10138
97429
20528
61542
38751
45798
85598
36782
32991
41488
44132
10965
99968
6548
93922
50161
22943
58241
34771
36881
10876
5122
92483
22185
7998
5114
17897
79868
42201
45307
98543
36015
61382
92541
58884
55535
73795
37671
60226
9593
52201
52122
29000
75837
91437
87552
15217
78610
7010
12278
56210
63740
35385
95871
34428
54880
77501
9043
19004
89012
621
74614
73852
17732
8386
30294
8968
7369
42211
34815
31993
23039
51679
36160
96582
50915
32756
14550
7338
45519
61836
43909
50620
98396
45007
51267
14081
49430
61090
448
32428
99187
30167
39885
88740
68978
60568
3561
31098
53345
38777
67412
37957
37287
80876
72439
58695
33464
28863
73227
19848
23618
54910
890
71042
73535
37142
74410
25752
78282
23710
4101
96538
3430
92131
34503
84942
93320
543
92643
10697
89511
5740
12851
39123
17992
95852
98487
52503
11547
12901
34111
37089
81122
82836
93518
6985
76646
26791
92290
82021
22694
37557
34591
57431
60617
64807
49205
7852
20957
5962
66187
2100
21463
25954
62869
67993
12719
73812
73883
58604
33580
56246
60130
48578
68733
54823
59143
55335
66842
34875
48160
72342
77127
97179
79523
88352
13900
19128
12683
65071
62215
57130
36764
13483
4836
35155
61366
68839
76277
23825
18193
90300
62837
16557
10608
13734
20666
44802
20299
23603
3544
80121
72473
48991
84920
37846
89988
73348
31222
72988
34432
43649
48442
10830
86070
92567
49989
62044
77697
80878
53076
78774
43481
70506
16939
28988
81646
94510
85068
79304
92745
17023
43399
20145
46756
39648
74597
44228
99288
6817
10197
88792
20134
9368
73764
36992
91421
34881
27775
85032
65610
47901
65120
7282
26468
96843
8139
56148
80795
91609
15809
56899
63400
38231
89791
72856
49585
21032
27323
31710
64373
42619
9375
28910
70424
46579
20488
40875
36675
49732
43067
25317
70116
44734
92425
31532
34281
13656
72851
39645
70079
99391
86157
87830
85624
85397
25628
45087
41102
7524
68255
16474
17163
18722
9020
4448
64658
7536
74829
15181
91619
67365
61352
43710
99855
81245
55510
80281
54006
45795
78792
30154
82705
29677
35184
33427
26503
73789
29423
53656
32312
26001
10090
44769
84261
63403
79102
2890
6433
95335
73911
24493
46159
63172
7049
6777
68556
53092
26716
29037
94418
29166
66898
5311
49822
57295
30201
62430
29156
30308
78100
49528
55125
4514
99519
93318
42682
97800
46621
5700
47276
6483
91282
15769
365
27730
97685
3476
55595
39356
37819
70692
56257
49126
78429
55788
19123
46718
78908
87938
68419
42508
28302
42106
16543
78902
743
7771
45818
83299
23366
68564
52796
53347
57644
64080
23581
47750
2219
79390
82508
55604
81428
56918
17695
43722
86794
49378
14321
63611
52236
67063
42712
90544
27730
45439
89402
67763
58624
14590
21742
57166
5874
91763
8439
41650
24492
13672
30086
63821
55122
90105
5543
15303
31248
50729
11953
44152
12174
82538
63793
66815
8759
22133
88477
39392
11604
22263
91764
15601
55735
32642
78365
10741
35160
79738
64046
69095
90087
47517
88271
62513
38109
44095
89591
2485
21165
4488
58108
94032
27047
21210
1102
36860
78008
79366
96829
51424
22419
66374
356
26129
77510
36756
90321
81858
73519
36080
41219
196
87271
95941
40013
649
58241
93201
78828
24126
29250
74035
32732
55701
83864
23898
71198
37834
12340
88891
40088
41900
76007
88370
75632
55211
54979
98642
5771
11426
57147
48215
27499
50286
62915
62158
37455
63046
14884
94832
25397
48699
1102
47569
18419
81073
34259
69672
59353
58425
75984
5755
4640
32055
26818
69887
24115
10529
9130
66470
23011
74582
37331
14114
85364
9150
28340
96880
8284
9907
88643
17725
97247
76819
14809
13196
70554
44948
95377
52241
43672
65007
34812
94045
84421
73556
31910
43380
62429
3705
94972
27664
41943
77446
88549
66582
52619
34455
12586
53269
12706
67892
91931
74901
59704
67894
81102
81944
27071
74472
4548
8150
62710
43614
21797
45520
2649
59245
59023
76705
78741
41674
38960
14143
32120
67769
91970
35694
39422
95162
35208
58044
26602
13312
61822
72155
6794
73402
65555
19388
89250
75419
10498
4828
21019
72993
28623
74005
12807
70792
63610
64033
18278
78952
7098
74236
40391
43272
80016
51944
43695
6341
18376
11334
37747
9881
15200
63845
86439
90313
63800
74731
62034
14323
82205
86218
17951
7657
68333
41499
4605
503
46010
42925
67785
90724
35502
83169
36584
23342
34041
35808
75225
33099
84454
91521
53607
24328
41613
9781
6276
48898
71284
39227
78855
47415
68287
25372
58911
72515
72968
2841
60494
66990
14315
87157
84943
35413
89843
66757
79736
21639
92290
47492
34790
98007
15422
31518
38845
84652
35108
53851
91619
56317
91967
97192
93463
84438
82494
21820
47043
36627
13938
91446
34119
90160
68745
30311
78100
81966
36600
19320
24151
75073
1139
46335
54118
91964
32878
12328
45939
67032
44658
92596
60453
41660
4061
48474
7704
24661
95509
56212
56717
28302
20765
27715
56710
84694
48235
57086
8770
86684
91809
79569
49045
1909
17316
93084
67942
29757
18843
3390
44342
75601
44065
4576
65803
1695
56848
44415
52557
52602
43766
74819
95052
45987
86942
17502
65360
15425
47380
97900
53442
94581
23581
41171
16232
68897
1875
1836
29122
96156
79687
20572
49354
23490
88137
62883
45109
14292
56928
6779
34153
76535
79812
55109
84338
18042
78395
25473
40151
2659
94093
99499
36067
41774
21878
72319
96966
62775
97424
8513
96635
12069
98157
34716
11484
90846
77106
91976
71555
75100
91955
18593
94474
92631
57835
87203
82514
99517
34176
62497
91755
48413
94879
74046
1156
19463
10179
62909
6736
89144
96019
57381
43875
71920
33592
43154
45234
1584
16246
35593
52014
83880
84190
96274
88378
41532
86283
82077
85932
45611
57812
72370
57459
74230
94945
50924
86523
31995
52340
16563
74510
84288
56582
34913
91340
95900
89320
82799
41292
27688
921
47152
36143
21997
11175
6744
90902
69391
80840
67357
45381
81867
82962
81344
12539
32867
17143
54496
25358
43592
89780
40287
99959
79990
81595
13950
66489
44815
16102
97832
36177
71020
89691
16731
5204
40010
75737
85268
44795
45532
94179
15587
61549
67359
97067
51471
32333
50125
99253
17628
23871
79697
61492
22801
32276
10500
84578
609
76798
38109
67002
40107
66266
5381
90243
5263
30088
94532
87644
32676
51367
87671
51215
73826
18565
76720
54001
98532
51484
1153
75899
70485
24127
60083
92322
67881
50283
64806
70122
48736
43971
51938
62596
23918
85511
32668
39534
71068
65803
49540
58899
27524
32050
76789
97957
47404
23791
10506
23413
85559
85293
43673
21448
13533
53034
99539
47083
83138
4574
10929
72185
36771
68193
70645
274
22252
6183
62425
46196
61297
91867
25283
13333
52348
6225
59138
14053
81215
98000
46527
55101
5224
41095
76676
16282
82768
4778
13123
90096
35393
42288
64877
70510
80219
2075
63443
81577
29142
77670
55292
39314
16304
10242
11214
25136
87369
61998
69898
27643
49973
30320
87534
5031
78922
55299
63116
96726
36617
33862
9430
30216
68063
1197
67896
29365
16485
94906
83758
97831
27410
95520
95016
92280
71647
31651
59387
5679
4803
69569
76508
71384
71136
81629
19628
16451
4129
70205
16908
36626
59209
77967
3004
72646
20987
91198
74499
13615
44117
30389
54482
38566
18280
87372
35958
68876
40934
80691
70704
79638
51731
1468
35746
11250
78459
29684
22590
15489
96343
97207
65500
77360
79606
97909
27674
48750
8829
28278
1971
64808
77711
32734
24821
28564
4199
58906
5124
37395
90244
30824
84781
75730
77253
83355
99367
63255
72077
33837
96060
25
73802
97378
6399
29379
52490
70060
72809
80205
81575
13476
39113
20275
39915
39699
94818
21348
3337
83268
81522
12466
43751
35628
78928
29756
17196
85025
57903
55342
62808
46336
52342
48758
76743
42698
62509
91851
47158
80012
5472
77270
16735
3368
42361
87927
33048
18993
91025
74618
8981
89544
80265
11630
34444
2494
89282
88722
63050
44720
40728
59212
16893
91991
47343
97094
76807
81144
40032
48514
66344
402
8763
75593
36785
13712
10430
24492
70850
99064
62558
7243
59390
66191
11659
30596
11231
70148
36242
86176
49923
95752
69897
36663
63894
42130
22523
26986
63825
32045
92711
49019
21438
19384
39427
36153
33756
4911
20531
56074
94626
34080
29718
56569
65880
76816
45398
36734
97929
13187
74744
7867
95588
17066
76723
29069
80845
74516
59868
39986
8891
68249
59253
47287
46266
23607
51401
27511
84016
72131
71487
35376
63585
4343
41557
56329
22974
12248
98939
87979
25245
26823
64178
70901
79414
36749
1267
53160
50920
15812
28939
98416
79337
41219
3030
26196
4689
47188
98369
88282
54316
89063
61134
89581
50737
72200
53646
86480
42724
91891
99527
92733
20770
8008
43024
65177
46497
10759
8436
96727
17731
55461
67261
78389
72352
28040
87304
64761
19212
74085
38332
48742
44010
10196
15158
83647
68993
94836
94390
47515
9252
77674
19764
34479
30793
14535
12053
37159
35055
49074
70064
34460
75248
97121
98789
49180
79378
63281
77420
35319
96068
24992
84840
48425
52079
85219
93489
75000
43807
60972
50528
52808
54224
44561
25904
98007
46706
19479
48485
55979
75376
46813
54226
93319
40000
97266
89201
76384
72987
40174
83762
84752
14411
81754
60394
3017
26231
3218
23953
8488
22285
24008
41881
53602
20836
15474
43883
30143
57518
9316
57351
91881
20287
24826
48871
20883
98729
20243
24464
58839
31543
92482
1588
91974
40979
67622
24092
65303
47222
28653
83005
53256
56792
1596
56437
62674
59410
85383
31012
58108
4505
9670
46718
45641
88665
45987
12368
94605
80044
2396
49501
85827
48197
63613
69930
63028
20187
20637
52188
62893
64303
32431
793
92487
7010
43518
32119
74844
5258
15088
51194
17909
44726
91174
86070
60144
2530
90433
13458
35165
20088
26380
13749
23818
41966
27608
24689
64504
74121
82333
32715
90589
49801
61929
31370
71254
41943
49635
26484
56544
63788
85352
85203
85431
93700
82340
41137
76747
72272
69565
98073
75313
75697
27407
63949
49001
67041
92986
67360
50520
49204
23706
84307
72699
44048
73270
51242
21650
3444
45039
20170
3997
48571
78369
16161
96012
46867
63978
26602
2710
99641
88173
39031
27700
45944
68050
56293
50935
91145
44725
74378
26189
21904
98637
31265
24422
67224
69204
10193
76671
98654
81329
7695
20979
48029
16930
85394
14521
70727
35474
28120
89108
56977
84539
78179
79172
71399
80353
22702
67078
36856
98413
98909
30452
42321
27537
34881
38079
73096
42824
97573
64660
91761
56433
96050
12929
53885
34971
73259
90333
1041
51923
78423
21856
17186
24135
43384
39686
1671
12257
23100
43677
74558
14721
9403
15449
11125
55841
77408
79343
69007
2536
41166
22896
53905
89038
95098
64242
72790
24457
35656
11360
49988
82698
44093
65839
29938
84799
75991
96484
77337
1700
35764
6336
73842
59967
58117
48811
68906
73804
58278
89254
13275
71613
39430
15900
80170
36735
12238
97623
37676
20206
62643
31102
35634
34835
15037
62372
45788
24234
74298
1076
58216
42622
13044
53815
80527
47988
42391
62953
54264
56567
31352
28418
57300
56108
10974
78672
10326
23150
53511
31958
29751
61511
4161
66
57805
38104
36568
13978
31961
43346
27323
26182
71209
4699
40361
34703
81182
4693
47161
54007
58187
36642
1364
28696
12190
72381
94565
10385
73825
91946
72767
29303
89132
75787
10930
91393
79036
62049
90279
81080
57387
52480
98132
37824
58654
74287
32981
75519
22971
40112
98368
20231
75677
82177
74583
58750
18678
31436
8991
55207
5674
21973
655
98458
56056
61600
95407
45176
28776
15228
972
62990
91166
6357
28038
62233
69998
6762
88253
31940
16673
11989
88616
3979
56293
20792
81185
26864
52358
53881
8007
21191
83768
90834
10805
29770
16714
15379
18977
38802
93421
61525
42410
58687
27616
26556
28050
63504
79867
88161
8814
74333
14027
19674
10198
12838
26744
76603
46708
3475
28605
8561
46189
26729
93646
3457
7492
52948
91578
55158
32061
89352
53219
83690
55947
38432
49527
78703
78414
93547
73911
98942
51555
20121
16325
78825
69257
43345
1960
11837
87518
17211
78348
64155
48720
3901
32726
41386
31115
87869
5971
64848
93954
99749
21016
93546
24875
88354
29248
94904
72020
1972
13570
61171
3328
38333
6352
8504
46502
59877
85588
72329
36337
52680
58998
54643
46998
60858
38651
63843
16718
54024
41987
95402
36259
69204
42764
83277
56791
45417
92936
76007
21572
42763
77474
58851
28650
94662
13776
31740
37000
73257
85616
40417
30560
65059
68589
19176
88471
22900
72775
81819
64994
20837
10180
16717
29935
61353
28011
10194
52077
46850
76272
16820
6162
78188
62239
25374
31251
4288
46775
52707
45846
93051
50443
85437
67220
48826
63100
4201
51791
59694
39376
81521
63773
18215
69949
10517
15684
58476
78359
77678
72223
75352
1447
83679
13774
43071
50274
96234
18317
27765
80675
31225
34773
1330
70514
25302
1020
60170
5158
32814
67885
50767
29638
79616
17541
67017
78594
23947
85975
75588
94426
1951
61477
25893
12710
92477
49306
29877
76272
91395
18875
6892
41631
52838
77167
64597
53032
51319
24543
77460
71682
35928
49041
27840
90617
27156
76023
97240
94405
71003
42167
62424
5851
22012
14975
49253
63380
9456
64088
6450
37136
64043
11250
4838
37414
22647
45601
52488
4238
51632
5266
91860
38592
84172
27189
32032
37884
7510
23421
69898
40905
64995
25036
53143
57475
50096
38559
95523
32587
96109
64288
96914
72844
99663
97655
67417
76749
14598
23381
54865
64139
24515
13067
59378
42205
2402
80600
13706
28433
81384
88984
41518
32027
80804
50422
92911
60747
75616
12129
91714
32950
46632
99989
74396
55351
20721
84462
69343
54475
15352
76441
55423
14955
69950
77171
49864
9422
36440
1890
34376
74550
15378
65362
42166
82792
55204
41362
10868
9135
62508
22280
94574
54586
37537
57348
94502
30794
22795
53665
96948
57960
96661
38165
37356
38985
60865
21552
22568
91436
95285
24086
19642
56787
46043
98322
16734
28249
42058
66955
80565
22300
23923
81403
73104
37115
17139
77452
51466
59624
53864
94455
95019
69051
94477
65922
38348
97835
95895
7364
29222
4289
46515
30011
40847
94181
69499
63853
50346
65267
75350
34495
3283
14618
79045
6069
9020
90225
28025
10370
40864
29327
69065
84333
99355
3170
63418
40810
11863
33919
27819
4622
73364
62630
30059
68999
79113
65240
83583
44660
15479
64443
29998
17993
72802
55954
8243
12475
9714
43989
47357
37736
28106
4139
56766
56821
71432
41543
26785
19077
65205
61027
71129
5600
60057
23156
21553
90303
93884
40823
50972
32585
84443
48322
86007
99762
3038
90531
52940
74753
78545
62943
70108
33237
16387
65672
69820
60356
5364
27304
1079
82356
44066
92012
54609
74809
50410
68857
58078
49909
60237
90665
90927
34902
22094
17992
73492
66649
87901
11361
50598
43637
93803
97361
98740
25534
47132
60193
30383
82698
90635
62577
35743
97043
5210
28252
83541
53995
23418
94813
53939
94166
56979
61360
4337
16423
14390
9155
80398
94461
20678
92356
23955
59725
60631
87808
76123
82803
57384
68298
73359
581
85614
57662
29688
79253
98615
70193
98865
12918
46481
49281
14457
72443
34735
93695
62559
58597
891
25040
75941
63739
41158
48118
11093
75990
44105
32798
37868
99348
85419
71411
55349
69437
22935
62871
47041
75799
32284
71299
69495
1805
55478
47478
90188
40065
24892
65856
87525
77603
80725
17066
28279
99232
43932
14430
29948
43043
40891
16235
88038
24631
26743
29347
36752
84199
60489
61997
50638
48835
39074
48831
98145
51438
38336
15317
7672
63550
9633
31651
53639
53755
46095
28872
99781
47346
54872
25480
29051
33997
47041
86665
64180
62564
52957
43946
3916
6874
6491
77249
32811
4232
18674
69958
12819
52854
20071
79905
48925
38445
17799
21781
12368
16547
99776
33668
70386
1528
76269
98861
8897
18524
99366
46286
14532
15088
47525
66832
69276
30883
25198
20313
27254
67635
56104
40516
96718
25733
18730
88851
65578
50981
12434
22934
46813
42330
83823
22266
98926
35959
78790
63195
67411
61537
70474
45581
76876
45318
55585
56627
53114
64814
74761
13939
71474
25735
7683
64346
55797
31360
20987
33380
81993
97136
52817
33025
55830
48926
36276
28699
9280
10730
16697
75794
97415
9344
45751
59465
75455
80445
53358
96414
65381
52800
21923
16817
62420
21307
71484
46825
36580
64069
33865
5383
561
86286
94805
16307
26543
83182
16754
5596
81778
59161
58849
58792
43625
87159
58200
28877
92158
27292
21390
54143
33921
42392
22841
2881
70242
28408
78565
31454
90255
55585
438
89740
49333
64588
13568
62052
29457
50520
27380
50451
98528
22359
31876
92420
59573
62862
59404
18593
78153
33709
84521
71990
72040
96717
3002
34141
75620
76858
22648
31680
64127
70406
3913
50803
46386
82056
19913
59648
16953
91784
38677
98631
85786
4394
20071
2642
41178
2984
31477
67739
23664
47925
37422
44898
6609
52017
19934
53286
2550
61933
86145
10851
95882
61920
43223
17329
47084
50477
73210
26350
67600
8315
69666
2548
64212
67472
59658
64462
14356
28813
20571
66752
89915
27891
71505
77488
38121
72014
99666
49342
51947
57970
27330
19491
7812
25375
64915
41874
93356
17106
92264
48638
83022
62227
47109
24046
94142
66816
83309
99522
44224
30456
24336
11193
93063
19573
6733
22593
47517
39302
11966
19954
81043
17781
38303
30536
81426
64136
774
1509
8826
73683
70176
13226
28736
14492
71314
24474
94340
49458
10417
32799
64385
87449
84288
28159
41616
9119
55602
83192
50258
58316
72677
23884
44451
90874
98258
71323
15497
32149
16512
29133
95493
39785
32922
11671
42423
38815
37357
26451
70502
22678
32320
96219
82920
37559
69027
86243
71541
35750
80843
5839
61429
74270
95777
74726
80143
85748
37835
6130
91552
8681
35430
71152
63349
24804
98982
7324
88930
93266
11203
44852
33099
49901
44975
40338
62864
34848
92977
28351
46996
22314
91118
36326
35652
15045
22462
23314
41190
25591
98635
39198
47004
10140
23189
32770
65297
10782
7007
89376
53133
88960
4615
33587
34496
44553
48387
45431
57430
43926
60126
14773
10136
30604
56509
18400
52042
26921
62545
58481
24190
13718
54038
54677
73857
67457
55908
79951
72858
49783
19146
12596
79176
63920
22758
1592
99675
52428
97649
94158
78198
60739
60226
61807
97564
7743
5382
57164
84446
45543
76593
45999
96047
55919
94326
74097
84505
57586
75877
90088
70041
82577
79943
74300
71448
89602
8711
87514
26574
49249
37984
92929
12297
44525
76448
40815
69361
86433
19685
64207
81696
77274
65681
91265
42396
23423
50321
7987
22416
59452
89530
52421
19059
34894
32104
71777
67961
20249
20436
13902
25883
60198
23879
94806
22160
5480
45350
49300
49426
4414
59446
58032
56307
83760
88813
73527
55411
16444
60745
46461
81514
15878
31945
63037
90419
53374
38215
83810
92229
15289
37429
19542
49164
37408
32289
63898
48753
97892
87183
58718
89682
38858
13280
20848
98168
86179
15600
143
12982
76259
88859
3263
39047
67486
15769
44946
40956
25717
11023
34371
25587
80676
47205
27838
67168
68127
42981
10811
33224
58684
39006
56465
92803
23388
41547
81105
27309
74377
58624
53341
1329
1538
64278
91525
1225
39962
85139
36040
2104
99413
38660
77695
14851
9436
93768
46586
72544
75292
51555
50254
90541
76065
7536
57144
27242
21413
93096
33706
83174
85047
17545
77330
34076
25346
51775
40824
68102
43620
97927
65359
68960
73990
76309
93805
63083
2652
48024
47288
40377
8310
71390
49689
57483
74392
94014
23565
30882
48504
73320
66879
32221
21189
69252
98423
25430
85004
84376
55025
56013
47299
17130
23367
98443
46886
9227
85620
67101
82559
54849
6074
56001
88502
57503
9264
57282
83590
63499
26359
24285
63997
14683
97670
2080
98935
48464
18088
83021
70201
18396
2879
7837
30787
84506
6675
67908
31891
99741
42396
78245
47511
54366
68477
31844
84223
63641
7267
81862
47313
89838
13387
22427
90082
42103
59560
1191
57785
51341
35998
3750
67377
38783
98612
84543
64310
28783
64769
93109
2829
52441
12286
39097
23819
22482
3264
4475
12944
6500
76087
420
16594
46191
85813
66109
92274
2148
60819
44769
85300
2923
70953
94917
95785
79472
32726
84566
95949
68222
43867
32720
63599
34764
78297
66131
72568
711
30310
91292
1901
72327
35901
27401
46787
36209
1893
72712
46952
89193
40970
43959
58205
68839
81572
39832
73327
8501
91469
22897
16745
47468
50856
6356
99516
52610
21434
74954
50047
49644
86129
69310
34449
55289
7886
59768
65707
60457
95463
95381
93562
83705
98899
43837
24374
26097
39345
4053
74619
46681
37370
5827
57039
38495
53339
26401
91682
32624
30165
74516
21303
30409
31925
26772
77399
92212
91301
30189
70341
84945
53639
4275
66373
87865
67557
21899
38861
66826
63524
26337
50485
50433
58441
86460
9758
93605
46855
70272
67616
68793
29726
56595
65266
76613
42791
75718
64734
18995
72832
35145
84692
48260
14405
44955
69778
32677
22185
16057
97957
84120
28146
17082
21358
64348
566
12199
77365
81124
49530
8286
6965
26639
77884
94076
66478
21878
74620
99460
40191
47168
27253
80666
95305
18046
72817
77033
9985
99377
85052
40092
68162
75090
38045
76791
46243
51104
85099
24495
67556
42992
71503
44174
78513
79207
34570
22301
5888
48538
43283
90684
19887
23095
80976
2246
43777
16250
77629
7202
3207
72922
1749
79394
82655
64232
98965
85199
80617
40528
93862
34882
49852
23282
79737
4926
8609
322
83146
9879
45608
69091
86684
62205
52559
28299
6425
14397
19042
78908
84796
12602
51078
84386
38987
93441
37761
19252
40364
83203
15798
22442
53592
36770
3747
19080
89932
60640
21502
35563
38555
62156
31622
83065
39309
25170
32624
27297
40180
49576
3648
31986
16738
33203
784
52760
6872
45235
53813
87526
20873
48606
65652
77090
20200
83467
43004
53116
99978
65383
96366
11856
51003
91673
77658
2117
90819
22703
24065
99308
70747
72703
84116
97092
37794
72339
29036
5739
41270
46109
33324
24696
15672
36830
14306
23404
39857
4350
70417
78390
20156
44881
21268
36409
36209
31719
5138
29527
98401
88384
36628
79649
58403
20169
88882
98112
34083
89579
53352
89011
98717
46539
79919
34686
49197
27284
64035
97023
10312
57798
81283
34991
44950
67532
21426
19742
40952
86408
80986
49232
18046
47341
37272
94061
97724
24954
36874
70597
3106
97941
30623
34341
96284
21278
51966
58362
94288
33172
60385
41260
13412
4724
40841
50869
92184
50232
32247
62239
30651
39335
27403
83557
92053
77301
98442
47538
27110
63947
34514
48960
42626
63757
22257
68849
27666
3262
25046
80093
16749
48809
67171
33201
30243
49277
89379
79120
29640
78637
82871
78329
93256
42846
83239
82245
17756
29765
79402
43040
4475
71947
49066
14022
49866
21227
12465
9857
67654
5779
75654
64904
37980
94598
5433
80259
12837
66613
65782
88790
87183
78707
32259
99829
78311
25486
39107
72950
50254
29070
44753
50040
20759
32288
47429
91715
92258
73399
17168
17584
10952
34416
84050
60189
81931
79395
22722
85297
70157
79085
6189
53676
98571
64745
22552
33863
11144
40752
64139
99083
60911
90813
68144
35826
30867
91257
39326
83232
25336
67315
29353
73127
47475
22599
56091
39625
48107
18413
14892
99649
77039
45007
1291
29904
83317
97831
39949
51742
9055
80420
52029
82301
45303
34458
51208
26105
37291
53774
9
964
44469
55934
62671
31211
35961
58508
1973
60850
59153
93071
30775
42505
39806
47491
39411
84488
58056
43061
65331
63041
7156
76816
63811
80309
92578
49883
37661
84537
31134
39873
67445
57637
60879
6643
40768
47623
82007
73674
19914
23113
65870
91548
88219
58600
14960
70466
19405
18245
18238
33741
74165
4512
42233
48532
34811
94795
16220
2296
9643
92899
14794
30860
33349
20440
89965
5762
85905
96962
33200
68901
59080
12385
19170
66303
62134
77095
62537
98675
7103
5831
58747
72738
60384
62196
54801
81389
53535
23585
94144
38048
18799
23177
58148
8210
24428
18889
14882
81136
4236
84895
29621
4806
55640
36670
8724
57728
8953
33551
81879
35522
16946
61795
62825
25124
34008
65151
81955
78711
71509
65959
95791
73527
42371
54812
67021
92368
2444
10549
17997
3921
25771
51313
45268
32437
37068
52633
34170
32061
47587
34433
11288
60068
44324
41701
39541
75214
40888
95272
66553
98834
79073
30976
14892
52597
58995
15881
31363
91708
34526
9427
98095
69104
61186
23348
61942
10816
35541
55072
42162
69552
56831
29527
95693
72416
64825
6593
75271
48362
62688
75266
29391
42073
23492
54759
53176
89991
3571
64124
27242
86050
90511
535
31030
20878
11176
28450
69682
89671
39159
93736
69741
1620
88894
71379
91131
45788
32894
14685
42546
65630
23733
52682
73940
47301
35586
47843
39486
55877
89949
277
1651
94381
85148
63837
51952
73878
79641
2319
23867
38977
23507
24287
81944
70242
66078
4860
91385
77949
79140
8134
66791
55734
71196
88927
76023
81050
71581
83160
91266
20279
88544
53098
37649
19528
65605
93710
81431
86340
20036
16969
25404
27640
25832
25420
68474
91123
24024
68106
4046
37097
26753
63208
67333
35759
925
36150
30552
82720
45815
24297
32642
31897
68773
54341
57147
8182
52817
93340
67002
46499
95317
24075
64138
20336
22754
60418
17773
53082
53933
99546
86693
6022
84498
69255
86041
22304
80121
41047
97032
58960
96219
90732
95639
66907
45290
19103
50078
35947
63521
86438
21013
29444
59758
42835
19779
48761
71265
45006
74192
44355
80185
66922
16303
95462
73825
27826
11609
66506
17907
33438
27812
35735
22973
29809
70847
17086
2347
68196
82054
87549
4295
84390
9441
30105
85304
3984
1008
63720
87101
30781
21644
86435
56971
25782
83416
86056
50919
57528
10955
71425
76736
98441
7130
68025
92049
16548
75098
84562
46318
80745
30869
80853
56430
96167
81445
96343
12242
2595
35751
21499
26742
18434
29294
9178
40902
38672
7874
82095
97799
53895
57229
76552
14255
11373
70077
71622
25816
95782
52980
44694
17773
57209
7664
9750
37635
55690
1843
43605
18576
70570
1120
72520
85195
98087
68903
57698
10609
19594
47054
83463
50074
18599
99039
40165
20450
54813
68506
40408
66709
69051
53107
68088
46482
60862
61560
72913
93816
18165
63813
60524
71341
98818
21163
36873
35859
95936
18472
88734
83626
38427
63765
97049
57251
61712
40843
81819
82767
63921
31325
24751
88525
76483
79428
73418
43889
22905
38193
28813
31993
41299
76138
8701
89100
25804
2344
72642
52416
54804
44013
40609
42389
66436
56192
69226
60445
72404
19847
93251
59386
20511
57596
60784
96440
90815
61766
66938
65380
99229
15393
14968
7284
739
40829
91903
58665
81723
86730
64089
32787
22648
6222
44527
38520
68058
40657
8136
48897
95273
96758
4236
69265
24161
52142
43240
61891
28342
40634
30124
54124
78121
7540
38585
96641
68872
17590
32397
16576
48410
1169
56998
28539
62397
16088
19200
45258
66717
79041
17824
72388
27638
45079
66900
2668
36206
43257
61355
75776
96576
93925
3295
52745
53485
81555
28972
38332
13566
30500
77094
44932
48719
67469
6603
62382
85084
47776
32345
50450
4983
20727
90901
60895
93517
82964
96817
95187
31025
66607
13375
59303
46261
50205
59180
7476
39186
99330
25564
69923
76818
85086
88779
16045
58840
24189
45104
95313
26533
99218
70061
50206
32894
49933
64843
54041
30139
49885
90417
35803
47537
66364
54315
26805
88838
44449
97907
32716
79777
15329
9450
77904
79964
40077
72525
71194
55331
88700
34299
26830
3957
24351
16549
59607
37395
62084
11711
36452
60501
16796
72150
98027
9287
87913
43676
99693
85817
13696
87290
71871
19459
83742
89024
25425
64646
36654
14084
73162
96846
95697
15679
72870
37241
73097
59588
54771
5784
34776
66111
38839
49934
62787
1895
49573
57382
62916
36543
