45255
50589
60639
58803
60751
75676
92137
79662
56160
23350
20681
89363
46863
58590
57255
39145
83376
41311
49978
57852
68167
25571
14322
77441
28574
59137
86909
35705
41900
65777
3046
78890
75927
23084
14843
24460
67908
2258
20072
70024
13481
57429
14107
98642
78601
95240
76745
73445
14141
33144
46722
73221
99308
35477
26850
65852
2464
2228
49769
97179
60440
89827
6206
2097
90133
29200
33430
61053
96911
43377
45086
85466
45413
94706
30284
42950
79590
58531
32607
7221
56290
55121
52050
78759
35560
69593
93383
31015
1036
87969
42068
23377
84957
2366
73589
70028
99404
85081
8966
26248
47683
35171
55373
84093
62921
10809
23011
81308
64716
90932
71147
74860
42640
24054
82876
66755
63112
25679
21966
90626
82144
9929
56928
9371
20710
32800
76251
81368
1523
11067
10459
54889
94357
22007
57650
20843
14160
25463
3023
95003
18977
66282
25342
76681
80817
47952
16624
18471
49360
26360
27004
18786
53458
65649
15513
5131
17068
84161
56264
50299
41646
86663
13895
42142
51161
2126
54652
73094
3558
58668
65079
37850
80200
69124
53622
72113
16983
14536
91086
88450
14888
23751
72965
84460
56618
92506
39866
11993
87848
69066
305
6697
47781
93312
90611
93991
68670
55990
4994
21483
64900
13805
38674
58839
34179
12209
79192
5179
6153
71790
79382
45480
55354
20136
11869
50148
41868
76647
17414
54998
47304
9825
26405
86840
10950
24743
69413
28841
63143
44263
77321
74312
46070
23412
8754
16781
85370
86625
39173
69689
87442
99114
37083
34973
94382
76143
71350
48953
44035
47024
1173
27400
76394
18200
93377
96692
69064
47358
41954
36025
21
92404
69244
48844
54518
84287
57350
15106
50497
2303
76126
69554
82942
90727
886
64752
91920
5033
10626
34443
38477
65898
83671
85153
46847
51479
36498
9493
80878
35239
72309
39561
65385
86459
13823
59430
59868
75641
85034
57473
1908
15027
33213
1995
28295
18220
18296
30070
27804
42787
78627
14958
3404
38908
80835
67015
79673
46488
69081
96189
47666
33721
77793
39525
73493
32058
5849
35221
21072
38317
10071
31134
7096
72902
47766
44184
56993
82179
24215
30365
25278
69244
55996
32655
40978
73512
22326
45476
76847
35744
71908
25153
92025
94887
27381
55715
99949
55765
81472
19784
23047
29114
26826
64634
17041
61432
22438
17675
93657
6816
90715
47982
16504
69267
23276
89773
1320
66726
31958
55399
64487
5113
40641
87763
68475
2572
14214
62749
31048
2507
53302
34319
38781
14950
19717
58070
85848
13969
48167
99721
44307
89867
80242
38167
88171
28632
38003
5065
18956
10781
88868
41934
12576
51705
7738
70579
72053
16166
89277
83184
71897
79549
48895
37681
60442
86343
28227
4273
54906
48903
66497
17895
29401
85498
42464
99588
24657
91714
79460
40013
95029
87409
8411
28000
62296
94410
30894
45675
1048
29255
8460
90061
70669
47264
76124
19232
78160
31891
83235
21330
91770
80002
25518
37372
53767
55244
43980
27124
53140
11627
36510
99633
48965
44059
50151
11476
56854
15064
70277
40048
39229
43255
41679
62402
52114
82215
53385
50592
83130
57101
33819
32819
71096
22427
6014
36238
99877
68915
5217
52791
43130
50140
99103
12990
90802
22855
23616
58659
53817
47064
53764
85966
13968
40987
92857
10112
56492
28732
63481
47873
70686
76013
96862
51272
31770
50064
13304
19971
23176
91040
76523
73162
80582
3325
36543
31504
38982
48848
35836
67336
35953
17306
23345
39349
68106
94186
13931
77641
87187
10766
81335
13643
90831
86294
50677
78598
34676
32331
28991
39597
515
32242
21728
56330
46210
58129
75175
33355
40931
84572
57975
11243
32119
12612
69497
80110
8739
72000
94534
77601
84809
82503
76868
71116
41330
12546
34600
73029
76277
43768
50724
44320
9175
44066
72740
64334
42896
32237
31752
11643
4741
92389
36158
5805
98330
30209
1618
19907
64881
6315
25571
40385
28733
37522
60375
93482
59485
3749
61329
75200
64355
89570
49617
48545
88433
13433
96379
59268
10488
51378
92280
10475
69155
55518
41097
77167
10002
34750
43270
48715
74566
71557
96184
86632
47832
82588
99837
35295
59827
62644
80812
97432
51645
95585
8451
82346
21352
46916
26684
61311
50633
36239
40025
87908
42019
63333
13890
15709
6029
25359
53575
63109
46649
60545
54399
67595
73171
36375
585
85273
18738
81314
19250
20726
14516
62667
5043
80395
35914
41709
89072
95497
21425
66663
39179
19730
21221
25527
70918
8043
7288
87531
69578
93538
79033
60917
50827
16881
15214
80770
65615
81540
64287
49881
52469
21160
71757
3567
9671
98420
48618
64209
22618
87084
51905
45408
61155
81673
91629
86012
56675
21512
32274
11460
8590
40518
78352
46036
484
92290
3394
46194
13441
77574
44503
99893
9732
9066
15510
40054
84850
23293
7849
1814
36471
76612
51598
45161
61260
75907
4252
29875
6038
36221
38776
85173
14242
80056
1205
18433
54899
84903
55640
91306
81101
52444
92383
48686
47940
20451
80198
34537
75622
38940
13381
95290
11027
99119
25256
94562
55783
71835
98011
98712
51557
15201
35943
42662
84353
94900
53220
94869
50474
49487
85660
10818
9470
99757
30042
75891
40391
51866
46317
8475
98508
34805
16492
40570
63514
37045
58917
32401
38204
19698
56615
10661
60571
582
97611
65952
7677
47903
30548
40884
24980
19254
21424
88168
78588
26358
79837
84083
51859
75225
50215
77784
82432
7609
14493
18055
20273
13352
47459
23613
17663
33223
13401
52117
22771
87527
94021
6833
19383
48529
66496
24080
25372
94877
51094
37104
34440
68239
69382
19280
3824
77815
88358
81747
17548
45051
57292
16939
34074
76391
85131
86916
64991
71861
44405
48715
56713
91913
9766
45133
56975
39206
38733
64961
24331
64846
29497
58620
76063
49533
90224
61316
18351
14673
73078
28600
20920
70170
34523
12160
1756
97790
30366
51167
70798
71509
16347
57869
20
42102
83590
16119
47520
92734
72445
52625
87142
23148
50615
4335
67872
2784
32002
57329
13466
53920
68066
85951
63732
69640
45990
71814
46537
48612
17069
23684
73769
85054
37416
2814
63668
80447
32885
92543
40743
95376
43583
89059
97553
35111
32326
81604
81327
40352
35101
16650
14578
66191
15875
30284
10621
86399
6775
41233
54528
82695
48881
83774
31842
91633
11103
45950
379
27718
20553
96115
6791
38229
65068
63942
36943
26930
13293
45070
40109
17007
65649
59877
71460
79746
3215
76499
84666
42818
870
56523
30645
50343
5365
97963
60664
65396
57112
27295
33042
97225
42259
22185
65391
81140
72504
66507
72281
89803
75103
22377
78639
30572
62397
2261
69538
67145
20453
10870
77862
9439
24654
72610
57339
76171
45121
65529
23735
31370
96592
47532
57166
4555
46670
94886
46120
60685
48078
44341
7609
78775
41683
20218
91965
49927
83961
80836
44375
11454
26431
50093
36236
19686
37491
79528
8200
68653
7909
85086
38944
46934
83927
8828
61008
39151
43433
72702
41890
18294
7323
74367
38882
33465
70162
5074
12817
27806
39768
76835
23931
39274
20795
98668
80218
40789
36877
29766
6757
6803
97099
36822
52614
12834
21579
73114
58952
10580
82497
32230
83678
54159
64080
45391
11119
88927
75622
60338
38678
74806
50039
20563
92200
13421
6080
53050
74547
15889
35022
93598
23939
69922
33252
89736
91465
88009
24895
62399
95591
39248
8078
19743
33309
51420
45162
55808
31975
16578
82170
32741
41479
59631
16474
4702
63866
89070
57623
17937
8805
20842
38676
12479
17996
53714
42414
99162
79737
30498
23775
90775
52575
81513
44574
36544
58327
33627
37414
32791
22550
84285
50307
81
62028
85158
52839
6163
48190
43985
96149
49254
19194
91735
39876
73566
96414
80238
38672
84464
47458
16911
76418
90749
68638
11649
13108
56723
43896
89207
46735
34623
58031
97012
35982
93037
3965
787
40427
85176
14093
31052
21505
76786
28171
86025
64926
84262
82349
69645
97089
2035
65219
17921
7747
1917
33487
44585
97918
85360
42848
60859
85844
22563
94609
67133
15139
58012
13637
54562
72483
29251
56978
320
33953
93410
59258
4388
57937
6470
1787
60178
3836
82980
2473
95263
21533
67699
19884
3411
3313
37243
17705
45387
24339
89100
41211
49805
48191
94385
91
34095
57302
58519
23538
67866
91393
86043
82178
90637
15225
90145
29365
32981
88609
97981
68429
22353
30836
29813
26322
74921
70658
76368
7699
37909
52137
6551
88652
48409
20802
74704
52483
24932
2811
67369
52179
41050
76823
35438
38768
42825
35800
15133
78517
51030
17032
59112
21037
86105
17119
81034
32887
71132
81711
61375
70192
75931
55924
44545
23574
36320
13744
16008
33004
54625
75835
68930
17451
2051
62604
85436
1660
82326
3579
34471
61132
21723
55447
65927
21487
54475
17861
74233
78826
57014
85120
63986
6510
4500
83967
41315
28280
7498
13129
30017
89562
84046
21982
76388
74946
5362
72199
95172
47560
94296
94157
7520
8676
41107
56508
75559
88452
26174
90381
40323
29900
39074
92726
21507
37055
95159
27127
48428
53650
27526
97578
37447
33682
31744
16619
66769
69694
12324
82204
29495
71263
70379
35662
45030
46307
46270
15962
48169
67845
37455
13363
64187
88455
56299
93728
42316
65842
52479
86789
11560
76177
970
4718
74776
93144
41553
48905
11935
90402
92092
67212
46982
82897
3577
26252
76733
57043
41257
18429
60148
62486
32105
38299
19539
23474
51861
44956
7669
67618
22227
34265
53237
3762
13453
57982
31435
16512
7274
30484
43680
33117
38766
68518
5066
90921
59727
91793
52726
31154
72245
60703
54152
59542
61940
11889
45960
23494
45223
95840
44686
54630
55788
64926
79788
13479
74023
33802
89298
4637
97137
59294
91698
71630
2033
83202
45279
33876
49807
36356
77125
62900
10726
62717
61521
24445
71162
8664
59193
24001
74390
84747
29933
24922
78017
17698
71577
27063
90036
56929
95618
86744
12226
1311
8545
73901
25590
99065
45852
18257
49687
36219
63010
65074
4986
67049
35276
23775
11091
65847
54668
89120
38572
17311
57971
67330
52853
29016
2241
33170
239
61934
16276
96721
1688
14907
99791
27912
7463
12497
18465
82823
38247
29640
48399
33427
54241
53288
45841
1076
55978
48214
76713
51892
42308
83220
36397
36124
87364
6598
92740
27333
87912
45237
88783
62657
92105
45539
38538
85908
79245
68623
22729
7196
75864
50407
18868
23457
7894
60483
32299
88619
29468
62574
85977
15043
92860
75800
86514
26323
66755
73580
36614
56822
27946
24616
19850
17793
22269
8988
20151
21200
72341
71885
29871
84102
24846
62548
24422
2742
50986
68327
25202
46733
99847
27044
77718
53437
95457
34574
47510
17735
99963
96814
6388
63524
64381
39906
11045
30395
81710
99344
90747
72969
11278
59091
75282
18309
66862
87651
53745
13364
53220
6273
93031
47692
16482
28881
8940
97357
72376
19070
22111
11600
89250
69330
46649
28685
92964
30678
85454
70537
18805
27680
28154
22313
36180
92664
82095
96164
15803
52907
60868
4315
25565
20133
8545
85201
52360
78908
48945
20289
95428
75736
26418
72310
41178
88836
36995
45587
43116
10313
47228
97221
12854
45715
39380
43678
28576
30921
43586
79603
40477
2201
15919
62418
89681
13175
60352
85326
42911
57096
78495
75678
42695
6714
48629
47400
12367
30488
88012
82438
49837
22825
45973
29540
16013
6907
12372
41052
75176
69969
42943
77494
49631
41623
46115
63406
55124
12187
2184
61644
7464
38289
14461
19470
86030
54522
93952
98408
15404
60625
79849
12998
86272
39716
2959
34988
13322
7361
98092
77889
16949
70147
9929
6707
44733
85717
91051
97040
78099
77746
66477
91915
22031
60306
99480
80525
89206
56316
57429
37497
40289
87458
50729
83872
1319
54108
1680
92040
42456
62338
38615
71596
59113
86862
39639
55510
85477
79
39227
68165
79290
71992
54992
21753
20179
58833
10931
31154
25080
89743
23030
54183
45715
64179
75299
73471
57035
1616
71272
32274
70072
53595
96555
7832
84200
54738
2354
26761
25858
11728
14711
8663
55974
16443
86943
65075
38941
30417
59428
67834
18638
16964
2954
76451
32514
10948
91830
4011
50585
73973
12343
72973
1163
39495
47274
75636
11859
53545
79989
13199
6336
11567
95614
8836
14243
16772
26537
8271
44284
1598
67681
55887
3969
83938
94989
47881
27221
31580
24471
42558
65218
40678
15401
63705
75413
22858
19812
40657
4477
61152
29665
71840
73465
50985
71134
22267
17257
32737
41782
22809
92580
44967
52681
45376
17468
65613
65281
57147
16093
84344
834
64370
84456
3662
65111
49841
95396
53102
75029
466
62743
75702
92462
20519
77112
95824
8448
20627
93699
40071
27503
15285
6474
46045
33166
86289
12759
18475
92181
60455
87710
24068
29364
14162
81940
39819
86907
44615
89724
65268
65197
27909
33969
36764
20787
98005
76870
97613
10795
4723
6003
18844
87287
86537
35662
89727
76594
66617
36923
27157
86161
6970
4167
39069
98172
93253
4602
90349
6784
68140
84940
32746
22485
1341
43774
22212
88287
88812
76420
63040
19299
62436
31726
13641
40128
32415
54274
86610
95957
62413
33531
8409
44955
89020
67628
79184
51813
89870
80311
36988
15711
39288
68633
77481
91597
34096
45755
50793
41372
59790
93485
84483
85079
34031
98174
35975
13134
18361
23846
47167
94836
23760
51414
25473
45345
96062
39573
36928
26094
11231
96799
8175
37842
19695
91253
37422
39505
20399
69111
10105
79423
42052
30664
51655
64115
89353
5051
30155
64878
97638
76700
83795
88517
91121
36967
7559
68056
49059
48209
68925
58549
95241
22918
80856
13318
91986
21003
81320
24469
66363
5150
94039
46074
11441
21056
21730
91123
87548
23468
15735
50820
41869
48306
8786
7055
75931
14921
77644
65620
63502
17073
85359
5453
8263
19911
10692
16982
27068
32065
59500
96623
82415
9278
46750
54488
86746
85069
44403
73835
39192
35528
68194
22190
91902
30131
83484
99914
85067
84947
28718
10610
69692
69062
64908
30307
75216
27488
96324
50506
81647
37654
38017
21541
88761
18938
43348
17230
83713
47996
15951
85725
31574
82062
99051
70968
48102
44721
27839
25502
30999
92691
21519
23933
67666
35797
51247
84141
40100
80711
89714
99919
77192
59126
56560
34949
16432
65037
79564
32807
10667
34844
16633
2719
7090
99325
34080
37536
51653
48932
16733
58016
18919
85811
80430
57037
34769
56571
48816
41462
3188
61
59899
30243
5023
18354
8076
68694
83205
67402
69425
33773
61139
11389
62054
78227
26950
83675
9007
19382
50007
24482
29535
87052
62446
36260
90971
33349
97115
31991
22862
98301
99951
52327
15956
24838
4820
18155
1560
93882
1828
51862
34712
89083
56064
8602
13304
36777
48752
67865
6542
47059
46386
48725
18025
58895
53197
47840
96043
46485
55718
67833
53358
83132
8022
4699
11975
26095
66147
93347
37094
95169
8339
47180
62240
11858
77948
86202
70739
70690
98114
7793
45391
76673
68476
11923
99142
79466
1992
35306
39862
30366
29510
93935
52380
72866
64635
22848
64972
35726
76540
87125
9623
34995
23464
96734
88791
53181
59871
57252
32305
80537
67384
25213
55711
88280
99297
48306
72611
42859
64091
83047
9442
69590
49059
46247
63225
98017
60649
49705
62308
23988
12504
65631
77232
36774
86005
98179
35465
84766
35210
95752
19629
64386
69740
49327
78507
53016
22358
65305
52042
43387
80872
30802
97210
11468
29251
46987
27618
5370
79820
68301
34887
50572
84589
18023
83454
18860
23009
9925
27922
7013
88046
42031
86548
47110
44800
98355
14416
99928
90593
32107
57065
54957
20271
15433
92706
92048
14320
44630
17967
81285
40614
83851
23553
28114
58235
82980
56273
41334
10584
85807
24009
88291
33266
73772
10572
58038
21885
5463
80728
75573
87267
89266
23403
31162
48100
77740
27081
24752
101
95247
78974
83490
8670
41134
52444
40719
83823
75558
79847
96205
10232
17522
9102
92322
20902
55936
72597
69651
57297
13028
88932
2488
86286
12087
87309
15050
8103
24545
41288
75514
13144
41135
19948
81804
36865
1948
52033
12919
57609
13473
17545
23507
75748
17443
19440
95459
39923
32998
70287
33446
49047
65870
87016
74040
14683
48295
37922
96535
1719
54031
36329
53514
94017
91603
25443
4663
92575
8632
11592
24188
86072
69410
98218
92184
89562
14300
44319
34641
66535
45549
91339
51756
30113
92569
24670
65638
96559
81355
83033
80861
15326
7310
40694
45070
85990
31094
39416
87888
19737
6994
7265
5632
71035
17339
15799
20036
45456
86604
43618
21519
20469
18404
4348
13854
91365
17726
17367
11226
22157
69346
23918
69071
45825
43638
91010
88121
82547
75630
22657
17535
84917
54278
23449
29347
24645
82146
50788
67011
57099
13592
73141
8726
82571
86926
68061
85608
14690
81385
95894
66857
22907
15934
31191
46058
17380
60478
32914
21569
95307
93241
31110
76208
86356
20338
40936
86148
97574
90292
52834
78498
58790
20196
25465
88506
96900
63656
41215
2711
16890
24166
49232
95258
51098
53784
65753
57629
37997
21062
91040
42076
17862
15411
10423
37305
49725
51151
82561
27430
47467
46886
18481
61092
31525
94350
81986
64160
76069
81225
58151
13625
51504
49791
84564
93453
23232
7122
14098
41786
88211
8404
91365
57472
10399
56333
10913
1138
53078
83879
74335
39070
51323
52670
17270
48677
70207
28716
69912
36533
34543
97459
55211
97069
88895
24376
8075
14168
46140
75639
80461
16983
50933
26267
43427
75468
95095
27454
88248
19893
96867
91134
81338
36731
81846
74007
64605
67225
31669
90678
89886
95076
47959
22733
39238
20356
21616
25798
69224
40034
22119
3257
77072
38118
8436
18219
21816
10424
66357
69962
59358
18775
43359
63417
64810
68966
14111
93523
6843
86276
14076
34133
55640
14431
50551
67790
13735
52596
33900
11919
19573
14502
72887
57060
19618
9815
17769
33639
7743
81242
63026
24075
22969
31465
49697
8540
87779
50794
74643
29080
1423
83232
55066
11805
77541
24919
65973
73043
29148
21728
58591
78760
35653
88058
58113
22058
91902
28840
16806
82948
26066
74390
66412
77350
16555
48362
47505
65260
70020
39682
92464
57017
90661
32548
11390
75297
8324
3130
50370
15265
83870
77116
40133
64090
21119
11370
70990
85098
16025
10446
90852
25714
81869
35663
36574
24356
50920
38909
1685
36226
85941
81800
63536
42868
88847
99409
70422
40050
61003
54350
89066
18148
25407
69129
84993
72398
88210
2520
45323
4259
30685
86155
19973
63968
53647
62800
9451
45117
494
34145
52031
65455
96088
75678
20383
32240
86130
74289
93977
39128
31017
14023
90586
57454
63821
17024
45345
53651
53426
8364
72709
79236
82867
68488
17596
75966
51944
45344
47310
34375
23539
21711
65114
55071
13384
99588
46145
99242
4400
94616
56056
66572
96394
75541
49560
22798
75588
76803
23873
9866
41788
11521
34251
20251
63078
95098
45357
80359
90608
34171
17694
23485
7144
58768
835
17829
54098
79096
62570
6266
8636
788
96470
68693
5188
51862
33924
15518
26553
98574
14185
50954
84557
26664
69387
39669
65423
78764
91550
28784
42879
39998
18209
87279
50995
91080
24400
33717
9602
83505
16776
33347
21327
20947
89684
43491
10751
45805
71112
14750
97592
67034
87274
71954
54970
186
79227
17178
39884
3514
88841
28724
36077
89681
17691
91959
60071
33821
71882
37135
1713
72470
96001
25790
18783
14997
88665
80121
17951
86391
60383
77497
11023
9223
38326
14219
12761
63220
20427
9840
28545
13245
1425
58882
81149
75052
455
97994
1296
70462
2890
23585
56903
5130
64098
52107
58946
60197
19072
94855
19904
73814
20764
12314
79294
4077
74844
95518
47242
43695
77104
41509
17544
94723
46186
70905
95410
66875
84354
37895
70694
67732
57220
8703
39239
23488
72890
95981
53960
65878
60544
51276
25058
99706
44309
14890
17305
27828
7507
22994
60558
19885
46079
12021
15814
69647
80238
26424
4873
70029
33426
59876
40316
91218
12092
11567
23235
79369
83601
2990
85266
85380
24458
93036
20665
17316
52045
14417
50411
8795
84379
63324
98777
54459
5446
3881
52736
28468
44819
72678
8602
84990
42911
78811
7846
588
437
35539
98501
58001
20684
91795
68190
7026
74999
31732
42619
96907
86481
70378
15815
61737
36009
8753
74933
88035
30921
57930
40458
34571
65016
29836
6972
44965
36322
84000
39689
76721
22918
14669
32261
36115
62288
22586
26144
52122
52359
13819
55261
10295
13349
47969
33348
53235
38773
59282
54225
93204
70095
56632
71400
16358
87758
74226
51241
51606
15646
68968
98421
17540
76868
75345
15151
98806
12176
81456
93303
65358
88865
42786
18601
73293
78670
81401
4189
73475
46202
5203
13449
82178
77559
67917
13505
71784
33179
85074
25971
74609
65597
92852
87822
71978
94093
538
55232
11333
49758
95129
30343
14463
18656
44819
90387
24233
36224
53508
7957
77145
37432
84662
69506
5098
10042
663
19899
55061
27541
71363
16072
90905
20994
64921
41611
18063
89749
19058
20519
23435
24451
61487
50763
64309
98143
14798
97940
19341
43425
14634
3766
25434
67508
65878
2510
72725
85085
81119
44787
7798
64924
94216
18218
58407
88165
95137
44320
62514
23217
99146
58512
7497
82565
53618
24719
89952
62112
52213
43641
13011
35588
86982
63755
72154
82534
55202
15675
22979
74101
24961
51352
62125
76973
2
36662
36716
79263
8201
43569
46986
99541
90909
78244
34053
31463
12201
56805
83608
71021
96470
24877
46220
71391
52353
40335
47487
11712
28722
66100
54819
16338
70643
83371
20133
78214
64588
16671
13680
65750
36446
18292
90089
59890
31903
9088
37627
82179
20058
58903
76227
62645
61628
16094
913
88255
9997
16475
5906
70340
57149
46844
10622
61145
26851
83563
37335
36975
97158
27943
30720
98938
62356
52104
60184
97863
59221
62442
7822
62148
50753
27533
46854
45787
87102
12441
85108
258
40728
63302
15600
14487
29141
92132
9203
83500
39138
81122
66929
39378
58440
742
75959
66698
98966
778
17693
57595
11743
10466
18181
66088
83058
2595
38563
65368
12417
69848
32481
23946
89396
37938
78885
7469
11068
18932
84597
84256
1758
70099
16390
13312
61304
96540
38237
9031
51689
53658
55274
12846
7271
65819
94289
24846
18667
85306
28743
66836
21533
21477
43919
25359
51798
89241
38143
69055
8008
85689
45007
78626
30494
38493
49473
62765
97555
95247
31002
59609
18658
56544
47852
71808
39338
51408
94668
6415
63928
28209
96411
62350
46832
52693
61384
58642
81769
98343
384
20452
41737
2745
7745
90061
45391
3144
20617
63727
24852
50573
37910
38022
24306
44526
1508
84584
95857
94143
43437
83182
45732
24664
76864
17205
89828
4057
7718
14711
69437
55714
80606
5366
68807
12576
81513
92570
80081
66500
57889
98740
65676
61468
68716
39853
66343
34155
13144
16050
76768
42454
10185
65793
74513
94556
84941
86940
67430
95913
76591
75085
59061
28856
30083
9102
53168
17280
77657
51323
76468
91993
88921
50258
46362
48059
51605
29349
38997
83356
67409
52130
53792
78657
33677
29116
46676
72669
79470
21643
60515
22447
45683
95615
59676
24029
99394
20950
57514
47858
99510
10579
64979
81535
15894
68808
52246
6247
71350
87299
48230
26230
59541
56129
76993
15900
11787
48314
21268
42298
69477
91595
69763
21800
13130
64409
23025
76052
90086
86738
50267
44214
22428
31647
51146
26018
72165
6592
70234
17740
42021
95731
54124
58856
30321
65269
19128
11830
78590
56413
37481
61455
42281
75642
44392
9684
44851
49365
30144
78849
19707
97061
5351
40606
6727
15089
15645
47822
1893
3520
51093
26349
3923
39042
14207
52274
83141
44244
73792
18131
23997
55255
53947
50881
91783
74382
85078
13455
94459
38158
49307
16224
13711
85431
20888
20323
52059
89541
23745
66523
4793
60454
12743
10809
76713
71091
30485
48325
8163
1824
47112
70269
50569
97498
83999
85605
86146
27703
48543
76969
33283
33268
73053
4685
32163
29665
37658
50835
70367
4932
17664
33765
51116
83809
68564
22712
38653
2304
91589
58305
84331
9055
55747
93736
66100
17258
59377
420
91803
19576
2153
56822
13585
16439
80223
27603
54325
99876
98363
41102
71266
69246
63952
38565
34458
90732
17834
45686
32503
88472
63278
33024
24632
58375
65128
29480
28826
30958
5729
80741
70820
363
98851
76157
81892
25954
33052
56060
11280
16902
81678
15793
56057
20991
88438
22626
4002
43495
67163
42299
45731
13512
98459
18375
24152
74358
73995
81245
59110
63027
96234
55438
30443
27704
28044
95757
80618
42149
74535
51289
86001
37044
77445
80165
41596
99380
87489
58848
43168
7922
66415
55480
45813
49455
86231
91486
73524
77149
3006
60145
1212
38626
21893
64754
27884
71373
7458
74700
7503
70862
85465
91852
49937
51048
80885
39889
20636
68018
74360
44163
7377
87979
4388
37055
82697
33931
64986
53575
80013
40585
18674
27655
30947
11650
58389
45234
25911
64642
23684
25330
81520
81877
58812
9942
13146
68648
25495
40409
10746
3950
28371
61871
82717
22199
11464
33236
86639
43155
34581
45508
31040
60203
27259
99805
90052
79996
26426
43917
69374
24969
65877
49707
21024
86611
57064
98027
87230
84592
34115
59400
75888
22881
26192
73390
25857
63807
47706
29704
44586
20346
75964
59628
58242
97530
26983
50562
50298
89049
29165
15416
94200
98510
23556
23253
51691
15224
21943
78145
68208
68895
38016
13423
49623
71084
24418
89494
74960
66926
33855
52463
89662
55204
76161
90980
74100
9398
8971
64359
58532
12926
177
3218
5539
48314
32371
16914
21799
33346
37869
41381
50437
65209
98561
63247
65474
64308
15090
40752
77985
42991
78953
88717
74538
88411
134
82081
57551
80862
49269
76926
74863
65439
60264
93784
76836
55461
81911
7702
75602
69286
31936
35840
25533
5510
64193
97191
48215
84129
54771
44998
30197
70239
33647
41764
72261
21726
35465
14259
40597
77138
26524
70780
53386
22059
14135
95982
54624
91082
82535
34982
8201
45293
46653
70305
93557
19257
11217
66219
82046
19576
70007
9122
75345
75785
11170
52201
18474
74160
76529
9568
72167
77012
78616
49964
72506
40030
33010
40116
61895
92171
2417
79584
53051
66127
72106
29893
47664
7846
68365
25394
97190
16084
4472
20532
53744
70197
92836
46900
22235
54230
46037
92125
56194
96742
74919
97343
78279
80094
30746
23282
69236
28773
50205
14956
15980
81165
71490
45751
77765
33165
52946
46467
9499
39348
72437
85480
86697
37457
88424
28634
66582
89777
96013
72966
48738
72004
1001
17428
47542
12218
80627
52870
53558
55515
29042
68208
63621
19799
4109
46982
22364
82452
50375
53586
48943
33671
73995
22836
16055
35064
94824
64843
47340
21336
16600
87593
82710
16954
14400
26494
95292
51416
52547
51085
73804
97863
51311
33456
14534
75695
60228
74538
13935
28518
84705
32535
45400
8680
27016
13291
97520
94610
61295
1123
74914
21887
739
41474
70816
60517
75672
11278
71
25473
27402
33219
80539
53318
20727
12587
78983
12364
9581
11302
84608
85457
87471
46669
14664
60512
93335
38433
72235
74773
50594
23607
77744
33111
36379
87193
3406
52641
62635
13245
28088
61593
22381
866
80217
65102
51882
54196
21337
27340
75340
39754
78616
55763
49323
351
39413
71290
67043
15002
87821
60557
35637
11856
7228
17010
86897
26403
51070
64179
37984
69090
54036
8271
53701
39792
55781
58653
81209
84915
55430
91652
25026
84170
98836
37142
7014
3004
35382
15502
95063
49366
53028
67331
26115
44596
77292
99540
27912
85207
80972
27860
99104
26504
41412
38536
50132
24653
33151
40131
14317
41475
22378
15170
37215
41938
1127
24900
36614
17196
83283
62923
90051
28515
44288
88243
61033
2532
55931
93589
82964
21389
71256
25923
95796
59939
8932
51562
88335
47529
39131
22277
33300
5821
25691
32192
78796
1338
20275
19110
63056
69949
42392
55889
48711
65751
28553
35327
26451
27299
2072
14969
48324
42831
14785
77852
47446
14308
5782
99620
16862
73444
20635
1086
96
59621
45781
427
16881
81324
72885
89158
49426
54413
14520
12826
1163
88307
86974
3504
83994
94576
55330
88819
62540
20285
37144
65182
81966
54288
59045
86001
87011
41386
19475
26492
13270
31257
9286
71642
36987
13258
41821
34921
95795
9404
58475
39894
90290
29031
95804
49500
84403
47230
5430
908
67620
32735
21227
28787
7638
89797
7220
88072
10561
71564
2094
2547
59836
10986
4697
93548
99420
9525
35587
34515
98289
31432
96448
6082
88694
2977
69276
60844
20769
81446
88328
87078
14845
92317
35096
39910
25285
30925
29016
96786
96332
39026
90748
68121
93777
21278
49586
75335
89949
65346
5496
3884
84376
44947
15277
12226
64967
43816
63605
27676
35808
77417
2859
93278
83799
69086
34065
79536
32689
94602
67539
78906
11515
93291
97503
54501
4897
22524
91514
12729
61028
2379
85823
79782
32347
23058
26671
56140
48412
74296
26306
6955
83227
9031
86963
27363
67793
40936
19115
69843
36096
91841
81410
59166
37656
49075
98333
4240
86090
16087
8358
78503
9603
80098
12094
31334
2526
72198
67467
52089
63470
3070
51160
69670
4350
56311
98151
82512
50971
50443
32545
87149
57827
77197
59691
10183
37433
24027
61398
71202
96832
14132
96611
33110
58574
79555
55020
34628
41072
71239
63237
90460
87764
35743
92882
31860
86982
425
53743
76922
92602
54003
4701
6506
3664
20003
53589
86594
26734
65936
21025
49455
64911
3489
2602
68091
23208
81174
89438
20238
48881
67427
79882
16237
31602
53110
50161
88815
65965
66676
50587
65064
90239
42030
3312
28494
38947
26905
32289
12781
39731
91598
60227
57187
99230
71281
44894
92819
51375
66145
19984
34310
91321
24431
95541
8557
58086
90788
81841
30415
55353
40239
25181
47231
8326
12472
58099
81405
48884
54464
40450
56690
44384
14398
26116
83208
61550
90541
44376
24249
94625
11614
55060
99272
38495
24466
61203
52782
61766
35153
75515
71215
92930
81869
97692
40643
44924
15926
92637
73153
34329
92793
51652
45973
14263
5456
44311
80084
18041
26022
1656
15211
14368
3215
8195
60619
61729
54685
74080
95284
21488
28466
9501
57381
8026
40625
85925
21521
60326
44827
70309
60626
61827
84692
68846
81202
26502
40940
30383
20349
75810
2656
59057
58032
17481
13787
41022
77259
47591
22518
35989
56259
33645
94991
20812
59224
45188
25581
4825
89844
8570
88950
36372
4510
4824
24710
2848
21299
97207
98415
3319
65890
77904
29811
70430
71960
99891
12598
56228
45124
85551
25069
68659
13803
63760
9986
88491
47343
23179
80700
43414
38789
48291
52911
49733
85940
36723
28117
91138
3416
49269
15471
16826
47905
34505
22855
47109
34874
10936
66374
47925
8420
78258
17926
70444
3164
67828
73096
38332
74794
8343
67255
47309
27579
70853
17943
50786
6812
56836
80116
9185
91314
77321
44820
8227
78320
60609
66126
80948
93770
81201
44894
68353
44817
77730
40603
9943
82922
78625
66246
89665
4612
12570
1427
72397
21525
89839
50923
63006
1633
14999
82984
2900
52301
90388
65429
9753
47196
22037
82161
76637
9334
93339
41944
99365
28409
55020
39002
1831
34879
71686
56818
9817
7734
70586
589
42823
71811
60049
9445
3760
89947
26243
10078
94596
2777
19752
78573
90233
85813
17629
35258
4683
66611
62638
64596
49881
26817
42576
40040
52400
3915
97530
57129
8536
43463
2494
1583
60882
54154
85474
82337
96853
40313
26024
81740
75027
85682
30257
50476
20091
10525
46817
52100
44624
60799
52661
56252
90093
72644
9309
59404
94052
60123
855
90690
8847
11440
5437
39012
75646
98197
97667
80880
60552
19285
67288
1891
30879
92543
88518
59205
23016
23901
79803
78154
85600
22851
88880
35891
84349
97050
90715
35419
76486
50716
25405
73593
2287
79915
76720
19637
50568
44178
4062
94410
69817
41836
34690
22353
27077
17700
52664
22589
71020
78864
15702
7085
5847
98452
33780
4750
88353
15155
4475
90015
23429
14613
30951
45324
70203
83031
5913
36179
49629
50522
21791
78559
64699
24399
75425
25562
42196
96343
87292
79627
46495
49012
38555
7387
53940
53234
46043
63098
60170
77462
2162
60355
98184
71128
40483
63425
53115
16757
84470
46335
90321
69733
27124
89145
35542
66026
82441
98330
77475
65495
1973
51803
66409
77499
17006
49533
58713
14554
55706
85936
6317
64645
76591
69566
17782
54381
95151
70730
79401
45291
98713
7145
44590
98394
37140
34566
12170
5325
69809
78536
54856
73144
24406
98784
34423
13533
84177
23586
76004
82240
53595
62892
35062
36318
76960
49885
35141
7786
11191
71235
92960
93865
14887
11205
86978
85604
18977
79567
39711
63543
69839
76312
4898
80362
43651
46110
80203
41077
10665
20758
12933
48241
19537
49346
28171
844
73902
28896
32204
37950
71291
11294
25718
96819
21952
30580
42412
62865
94560
85076
74829
19887
7734
27344
3953
25316
99836
67669
57007
38777
62502
74654
84293
72280
80873
68398
92919
11100
45776
15846
90697
80952
30575
84318
1541
64260
46394
9998
28359
18706
8781
64232
69346
67669
14349
44184
14861
19314
62487
89636
44337
99482
41638
83303
38850
54832
11041
42663
74949
42446
22410
98422
59447
23262
53865
82460
96557
22590
82871
15391
67797
40136
18677
13617
60053
95825
8493
41883
19515
28795
90611
64334
42738
85346
20596
78617
43679
70036
52117
41485
86358
82326
4085
30928
49276
41139
57907
84202
33842
52961
13693
87770
28315
25585
74909
40507
98065
39794
4733
65636
14940
17903
22777
35740
7079
64354
24485
29392
24491
22012
8033
14118
82424
131
47579
24414
39580
97500
98401
17488
42845
10682
30536
64172
70355
54455
85828
85925
92300
40389
3084
98631
39496
46208
16595
50084
82446
82835
53621
97421
24607
69353
23572
3370
15982
79713
39737
56059
39867
75187
99925
42945
6790
33732
24046
80765
14449
45464
68659
69378
64681
38288
42776
26543
20622
81992
86256
96411
42008
39625
70487
13307
8444
34079
76843
93824
39581
5621
54524
94003
97746
13640
83012
42459
10709
22139
93352
4540
77198
55928
88084
39819
59719
83450
53739
41545
53723
20509
52544
853
26080
86417
37543
7352
55147
79950
61047
59502
73664
33244
54661
81521
99031
11878
88217
20720
28707
32380
73291
51730
76497
54651
52323
3717
11485
18199
21517
71861
66486
97823
66731
37936
20484
32482
1244
65615
68103
57081
43854
18574
10809
29133
39611
99667
60802
90123
45530
70271
29288
15248
23967
12906
1050
86555
34203
29204
44680
97540
89715
30190
11657
66232
16284
21353
6907
77299
20886
59999
79225
6454
12706
52038
73566
68858
9494
28575
11121
29014
97187
31430
74842
35770
9729
17709
81332
11315
50490
90516
28733
81518
55754
41790
19619
40875
26796
50027
69435
98497
57583
71613
78700
47091
38712
87054
76107
3850
3382
53631
28863
26952
22102
48701
61014
68999
6487
5473
20675
17065
77692
56404
88245
31155
78081
67345
99294
55777
42557
23815
66384
69597
52030
96064
71568
84748
99031
35980
34797
11755
73443
33701
78557
86253
61142
63667
22241
81936
41762
6407
27420
94074
90545
9383
96724
71037
86199
21819
50245
22087
26372
54494
57254
9002
52199
86934
78008
34275
86495
69583
33324
13222
18009
77786
46965
96217
18678
85988
1902
38512
7028
18568
9075
42468
84676
93994
56340
96439
13000
4980
87202
82527
76597
69391
1987
78925
94267
21378
33607
45566
10882
54031
30343
75904
99581
34195
17227
96878
20758
36869
94466
56351
37420
42033
80588
59676
32131
27962
15323
56694
72210
67989
68821
68365
52952
28448
64510
64755
80290
90195
45628
13713
95636
79499
14656
89641
5402
72741
1740
20754
45983
31387
95347
79890
41125
48497
90896
52799
83475
5883
16851
70295
37151
77841
74519
99667
60151
9975
51217
65833
60048
59188
30550
31489
15279
50436
17292
28483
96924
9355
78461
77646
59904
77243
86881
2860
96487
99470
63610
72255
4107
13121
47095
79491
22003
782
74782
57577
85869
96363
83462
70642
3327
98390
47285
65098
10675
64626
40601
71463
31981
82002
81991
53746
6156
68627
43141
91983
34437
56253
61765
54360
52306
49238
91079
40976
14855
30201
4591
72392
73431
96434
10034
5494
99486
14827
6131
46663
50389
76573
44624
75262
60785
77190
88397
88397
12432
63828
16567
47841
56242
9016
4441
812
24384
13260
96104
20975
19163
69965
48881
464
57939
83819
19880
66546
73502
4533
26236
95003
93860
80467
51753
19690
81676
76489
1354
59656
96920
85207
14193
21226
20174
9903
76760
68009
9709
71257
76785
51529
7977
41217
12816
37533
46265
44482
40315
24054
82745
26855
72703
55315
18583
91797
23926
32480
49368
14140
66369
40981
86159
58577
33897
35583
95129
59684
29398
66535
21066
53864
43672
98661
41430
69729
58541
49188
3741
77394
81377
98642
10571
55890
62976
31032
96431
68752
52062
92280
31053
25852
1283
43813
85249
89974
99966
10889
63445
4805
52173
62996
97646
92474
62772
14621
65302
5280
14898
1885
82301
4451
88395
2155
11053
51504
62383
92501
63117
4757
18252
23199
13773
92072
93536
62164
90768
79235
14697
23851
10266
22785
40120
7330
11794
10440
20654
91377
45622
76575
42136
25837
29092
99239
62270
58370
7854
41695
17389
8235
36618
68221
45311
11141
20552
61035
53837
11746
97353
99220
47289
43534
9050
73985
96700
77409
51216
54115
62482
12156
50557
1599
97385
80545
63774
38724
12090
30582
15756
28360
90297
56168
89192
85241
92965
15723
15346
9162
92096
31136
20825
62945
62558
89576
77345
42667
33592
73522
21342
76629
88498
91893
57313
94570
53106
76266
822
57053
22079
54189
36641
16593
20392
87169
11178
78188
99910
10254
66157
37817
65426
23080
91545
74976
66724
72612
8209
47400
34804
9899
27289
17736
5749
30777
62870
86305
29806
65481
93003
65662
97033
62786
49576
30472
73006
18038
42183
47691
71788
63519
1738
37793
5794
88141
89912
36402
22078
85797
12834
32338
36155
88027
75643
33843
25799
83053
33260
47572
2261
64323
7962
21384
75223
92548
90956
87559
8896
82005
65659
33842
84581
77537
99602
2396
92850
10651
13024
51992
48207
70925
6243
84050
10359
83777
50623
73656
40612
12173
10139
95512
16018
85423
74171
74640
93534
96095
9769
51598
67646
5947
46666
40920
42299
64223
41005
28558
9809
62887
95247
92828
82042
85169
24
98061
82188
24842
51477
69036
22992
43485
25353
61139
92390
61659
89761
64799
99393
94431
82764
15338
47422
53978
47759
78145
55820
51402
16542
88884
24369
28217
8615
33846
26507
38513
52739
76443
34854
67155
53611
37450
63337
98021
62823
33213
48708
13511
38039
93272
23279
2075
72251
92719
10670
46045
69372
60652
29091
47408
59058
13623
59044
14113
51357
33351
25065
54445
82981
33721
20523
53727
154
44143
8383
2859
45863
6761
66580
51546
87929
19948
21153
11217
78372
24538
65016
64886
55953
24532
29852
25508
47860
58250
24644
82919
3897
74640
66556
35331
63608
31327
44488
23459
66684
92785
62638
25290
14814
23377
72592
98690
53590
43860
40977
17835
57520
85300
90389
82558
75245
63993
13369
16703
93188
19820
77300
3858
22042
14216
52120
92554
62360
64780
13652
1811
14743
40364
76646
29063
73416
10434
42603
78096
58277
27307
82580
51434
59491
4195
94505
61009
48381
40433
21544
4992
54756
97055
14581
85050
13218
18241
28564
55611
32463
89048
91514
36610
63595
29516
32110
97556
76008
39350
4979
88464
88568
32441
51740
68218
91082
4078
46272
39167
54331
35141
26776
86157
29849
36579
43449
92883
68938
62443
51870
19948
47673
21057
59165
87288
56368
5148
37927
89720
3590
88142
13753
64950
4519
68227
39338
40715
11722
44231
13247
40924
23763
67398
65967
42987
27674
39542
4765
75506
29534
12591
43105
25612
70595
15454
16664
90057
67682
31809
33243
98443
40958
22761
22053
26686
43107
19994
19904
10448
88130
69438
35320
35145
82392
34934
21511
56631
98716
73755
78365
32433
20571
65481
86643
26693
77788
922
75910
20951
52216
48297
91646
99061
46742
42572
40882
97286
57587
10898
4290
62521
39221
41172
63655
5889
59648
16919
42323
47874
16801
80125
40843
92046
98668
54245
59412
34442
11927
6497
27012
18519
80789
6050
45975
97765
80182
97305
77813
28469
96662
83081
13321
65252
28698
84059
66737
46597
55805
3255
87185
94679
48328
43589
62342
82435
63358
11729
72942
91398
10129
93748
33685
86404
97363
9484
8066
846
44191
36570
85617
81046
26280
16435
3639
89195
73309
73814
98204
77768
36395
37596
71671
29680
35627
98088
45465
61972
71964
46492
74708
35259
33740
23416
22967
95256
68025
73053
77457
95671
99767
53135
58005
10442
5898
51803
33758
61019
52065
74072
4594
23506
32411
59692
47999
32378
72833
27684
41603
98608
25042
38293
82948
35628
63709
89981
6886
71639
99822
73437
66764
30851
22123
23251
95292
86900
83257
26414
96577
5167
76560
65100
49977
71696
2043
57855
76215
73732
55287
22320
29085
93929
87762
48616
81495
85537
74470
6449
19739
11913
39639
52491
28553
87058
98283
16222
34268
18761
49969
98665
21379
35306
91032
98639
82198
62104
67978
40465
17274
94540
76563
42855
86476
97707
94666
2619
79942
64184
39659
69391
73275
23230
69041
55165
80506
5269
14110
49400
39467
68860
46390
42567
30583
36808
2132
72082
56451
80857
61997
31999
7922
27028
83279
10010
78046
31786
8619
44571
75335
10042
47313
72432
36285
19636
96301
2718
98048
73682
86693
71938
93404
13237
19327
74354
20416
2247
39579
52241
22549
25422
55426
95422
15845
31492
32719
13133
55743
65740
58100
83500
13165
73647
60064
45723
55438
44288
34958
24984
14489
89269
14588
57238
75654
406
15522
478
45506
49749
41383
9868
24018
70337
28459
97056
71200
52496
71316
78799
68871
40210
76983
23778
98302
72211
69096
24175
59107
22875
60752
23919
75074
47622
12918
74734
57631
74077
80949
92769
51788
28934
32317
75912
31619
70810
50124
99595
34871
88354
25335
22812
57975
72237
40879
4837
58151
23356
15139
89502
73264
20417
37925
8685
38210
52459
99365
25974
734
37709
5855
16541
35651
10618
66287
68323
90098
46166
15598
99300
73069
73093
15131
22441
86290
67687
33207
9343
93541
7844
90891
66913
15000
92826
61130
85040
58216
43436
14455
92394
38579
16074
2514
43663
55690
22668
73245
6616
92646
2717
43343
20574
82408
11518
88862
2170
48190
58165
98831
73097
15066
41968
11965
37485
71312
66822
85820
94175
56405
68876
4086
91483
91973
83870
88867
11900
39564
12745
86252
3883
13230
64908
74446
88601
52429
4818
56631
3244
93472
99086
21151
22216
58087
66231
22808
91269
42428
26505
68003
60819
59667
59440
39728
58166
3478
41969
6460
6455
77600
3854
54025
54897
42565
50153
29415
20989
99291
48271
16421
57642
27499
48264
85133
83833
1113
80972
19695
93486
52577
61825
28565
15786
34179
42552
44714
52233
61410
73680
89132
43525
52889
64032
98476
83935
29807
77504
39211
83683
51208
94703
69712
51410
59719
84662
38418
38479
11223
35028
68931
37342
96808
57876
56751
9915
4629
17600
12213
795
80289
21979
29503
77350
27806
72094
12940
3425
68884
50336
82498
28970
99185
44827
89984
32987
93638
48921
71144
75988
59207
2930
74212
690
15502
8234
52404
22792
64631
34575
71164
20097
83618
52834
38214
76418
92013
67097
5999
36976
41262
57294
79940
52153
41025
64766
75218
2711
19978
11234
8002
74933
28976
12131
93573
93181
57320
97933
6244
77630
30789
33013
94572
62664
19668
979
53159
54075
15676
38286
75040
55506
30912
8973
77549
6765
49375
30153
83226
8212
64382
85805
60950
10407
16856
79469
72711
72405
55161
36569
3984
57207
16545
74619
68329
62287
46533
25851
47907
38254
61772
35234
67042
14187
2036
10767
27499
60353
76263
42019
74394
13075
38167
24798
8723
40560
69608
99055
53038
46746
28908
10472
11063
32123
46329
33076
40925
16678
64920
50696
11881
87654
51633
93069
67901
78560
30437
40848
60046
54731
8053
58653
10540
97625
57281
13910
28098
88388
20065
11507
21122
99724
66429
94486
38446
27150
39079
53131
70466
43395
3991
16913
72556
30106
97314
67073
79165
82076
34584
30440
42260
72652
19539
55335
21803
32891
22070
67312
22544
61308
98040
74053
42843
62693
34960
43033
49103
4575
43833
84246
78348
84697
8400
96248
55680
54565
96488
26445
22810
97740
5816
2854
85706
32233
55500
83366
26954
44388
89494
73437
15248
57135
65283
56226
15209
3602
14915
96616
48701
99840
52739
10592
18869
87858
83003
34490
97678
87202
19555
63540
42238
39097
45186
44707
99504
71477
50803
69290
16868
51366
59249
40860
11705
56448
85235
59610
99648
23729
92577
85311
58458
9625
19756
69386
81207
95335
4610
57093
29813
21308
37731
66709
57194
11383
44794
12055
42346
17918
24487
56234
44082
12325
71239
53542
90617
68965
77196
48580
51818
52646
30504
94211
71910
83337
4221
24114
93996
3344
87201
18918
80341
40324
50776
51140
78983
71860
59687
99893
48851
83213
43333
1546
13987
8268
86960
86337
51943
35458
78464
61231
58780
88300
94605
10180
7236
98640
11279
49101
82417
37979
31626
57967
34776
62251
12331
89148
49833
76282
66931
89076
31303
70416
42830
80536
16631
65443
71131
52003
69141
6814
63130
63614
96464
44875
35722
2368
85949
3064
6380
30157
61476
77110
65398
16339
42990
96182
97742
94476
29348
5724
22974
70315
54941
70584
99377
1620
49114
15221
1235
48751
99036
14547
56475
82508
88401
86350
41909
47323
2847
6117
97679
44961
68412
33221
10039
31372
5827
22676
35116
72769
77555
434
1966
9248
68137
81661
90710
76180
97084
57095
78877
83282
21201
48884
62798
32311
43157
27861
15311
78900
3681
47773
84188
13136
5886
82911
77273
81042
81067
55816
80750
45865
18173
22206
63248
71308
77181
24913
40438
95795
92582
30558
43002
47294
27492
77985
953
18093
77804
93450
4614
85861
44363
94006
71159
74907
22681
53478
18536
60416
3413
90251
14577
41781
19272
45423
54809
72986
12551
1677
961
60888
14593
89659
31754
26953
91523
32882
78315
97849
8207
63173
74160
17077
37529
6193
37590
11004
93073
65517
88557
37918
29030
74358
37119
4054
71411
92368
48543
33026
88278
45698
13087
30655
12136
35057
71753
33076
1526
8204
14336
78295
66407
10729
98858
25630
67053
77666
74022
86701
60437
62908
80394
93082
41376
35858
33251
9838
2719
84869
68288
78910
94463
40250
71202
85381
82744
50738
10884
86980
23346
8511
89672
99259
14913
41090
41676
19566
3970
67054
7421
55171
71626
17461
10878
99445
98500
14849
62025
68951
3623
17742
95147
68747
18084
59921
11623
99578
93711
8475
10128
28897
69674
50480
18509
52671
50067
92315
78119
90471
44075
62535
71784
46872
68879
53425
22973
25129
51671
75756
82668
33736
98573
11002
13870
59708
75315
91044
73134
45036
7766
74728
98421
42586
15516
43870
17725
96685
21992
51660
17125
64725
15120
19577
94435
20677
6936
29444
80898
94683
39605
7046
21948
71240
465
78833
18800
44320
64759
75407
27394
32086
34061
78225
86258
35034
77697
8616
37826
53484
72337
10938
3639
54169
52341
3308
10947
99191
28029
47303
46918
22236
67126
99334
86078
20774
9059
29588
41317
8100
45443
13134
3963
543
26654
42210
84177
42278
96059
38352
67918
64621
29173
23472
85872
11937
41282
49129
70783
24624
88762
16179
84943
39967
60920
64797
21725
61025
63610
79256
56927
80844
26738
60256
38998
63546
37386
43466
11206
5320
4452
14518
63216
61575
9952
30749
63456
64307
68237
80207
95047
89275
29211
85185
9855
94618
11962
30130
91962
37420
73255
67290
23468
1934
901
8310
55492
98923
46569
913
70955
78204
90525
83192
15549
72676
93063
27507
8303
59256
69721
22311
60746
35993
60840
16759
37804
34072
69893
24817
14280
71722
83219
47225
39253
73768
14817
84808
10681
53211
98173
36410
81521
21377
38718
68721
54701
22319
30047
13674
34483
51724
80249
70115
59309
45761
27558
30285
96466
4488
93647
37414
28079
47699
48879
17961
88752
49860
89969
3496
34751
95255
29291
37194
63934
315
99053
59479
94490
53879
88520
97818
39839
38216
97070
54117
77295
3710
39226
41442
12082
70838
18999
80181
39981
46555
99253
79005
8047
25119
58990
84157
91770
66507
15535
55222
50216
77115
11598
47218
86786
6686
3886
55063
72471
55811
15823
67639
48073
62584
25813
85615
90855
73000
31553
86468
59694
73360
80923
6835
18018
75006
33125
57079
71801
42543
3059
99679
62553
65577
30883
73457
73993
69067
80023
97105
94092
51542
78771
57420
99037
9445
92826
62202
29322
95587
22336
69104
243
51428
49824
66270
94204
42776
76751
11758
44887
32053
8997
52720
72027
55910
82291
12147
48081
88091
66483
48214
64506
49501
47187
94654
55689
31269
6886
92452
5027
52007
60772
42746
21089
10903
78341
30447
82132
23008
72313
12684
67613
76242
60816
28176
95604
95720
70818
46852
94724
14375
44123
56049
38578
9190
24926
78630
86255
63801
79162
96871
80754
99346
29671
94400
90796
88059
24308
10674
62504
50588
57034
38068
23263
99273
42252
16742
84093
30276
62119
77252
15314
93782
8658
86125
76090
82963
45645
57094
39810
2678
7524
88182
77603
62980
10193
92088
67078
21839
78300
98704
22026
93719
5685
46558
7858
80439
66287
96669
79008
38080
39640
39908
12324
1592
35620
82580
79723
31744
88615
11571
24700
93939
88087
46855
73847
86086
75754
28899
79859
83558
60602
41305
93489
81288
24961
42094
37500
22802
10709
57461
66534
97502
32793
79
3531
56549
70214
21521
89599
67481
52518
40819
76186
56363
16556
12005
89461
40271
35379
94214
66803
83369
17314
7397
97421
51552
95249
10511
6543
10824
4879
53668
33477
47198
4571
24859
87756
90204
65319
47725
79324
30968
42761
34025
79869
85832
29447
4239
96799
71595
46920
15561
90501
2348
1177
80960
38637
11179
94136
17809
88707
45569
54453
45994
95394
97278
70723
94113
42587
49151
97415
10518
39583
10682
98077
62290
58465
77500
91260
27837
95864
69125
5904
59325
53192
12228
24335
4386
37398
22868
15374
85614
29988
33715
25941
6987
25380
49543
48232
2139
93908
10963
29231
27646
88491
70244
62663
79797
7576
54970
34949
99179
11542
89020
1030
78472
35382
76444
51758
91781
73758
85090
92636
39782
3737
30922
17602
35617
91099
42626
68453
221
27901
32018
72898
15802
58587
16859
10239
73505
3197
58941
42247
47924
59542
38631
25509
78241
2658
31209
31691
11320
81056
3397
3745
921
20117
70482
82536
54536
79167
76304
48007
30763
56177
29051
50665
72987
40698
54956
60310
96699
91264
6596
91683
26943
92535
13600
90045
89661
76569
77976
68818
95433
47152
73267
24192
73742
5467
27927
32450
56903
70621
67122
5964
21738
37633
15505
50312
74074
72002
11396
30017
43274
30942
33472
74073
22218
55465
77913
60631
17705
63561
19174
12971
95185
27419
45367
26067
76398
91089
38422
16973
25713
39315
87639
75772
80606
780
75764
18995
94467
65178
98910
77931
1203
32814
31252
53387
65440
83438
59494
22254
74789
16536
78203
40852
24248
77739
38213
9675
37127
3062
8015
85601
53483
99575
33328
51521
42360
46633
64097
54471
24315
60549
21263
5555
21868
89187
35750
1205
61830
81705
20205
48871
54235
87975
54705
2961
45533
86387
43632
76190
9512
39753
49481
97343
542
40652
65772
42100
47488
92987
28858
77583
53997
94853
10940
45506
85955
88376
28350
26789
79995
11296
19759
85166
93913
6242
59160
77974
66424
78423
30642
44079
39132
29848
33659
71883
88391
19618
92725
35560
10638
95246
87813
83615
89958
17605
60472
16394
89702
63230
92135
95124
75216
38294
81543
37712
32818
98063
62942
84878
92374
55625
29362
93585
86722
52475
3474
75041
54734
52442
66200
31871
38049
53798
73
53481
53200
46502
74098
55483
30189
37608
57330
44632
59780
62609
67877
11568
41801
74060
36324
72507
82797
36616
69685
69007
30916
67796
11447
61028
74311
71995
45405
21018
27889
976
41214
14633
43075
74714
8705
90731
84090
49542
12033
65787
64226
87928
91554
79782
16249
33756
45355
56074
75149
32281
86340
60087
14216
63985
21886
59756
81084
74457
48847
12355
67654
12861
41013
58030
31266
49881
36304
69977
90078
60068
82223
91386
64638
71909
12637
27074
81017
90809
85757
14935
86410
59531
13997
916
64725
66350
4248
60441
70334
41351
21910
73258
8044
42738
63391
52673
38784
92068
14361
97146
87974
91152
99109
80747
78774
30306
34037
87631
77244
41180
92334
36195
38716
484
73032
7804
83246
23030
55197
98985
60606
12668
29507
51262
99711
98516
3928
31768
30763
18127
78101
12951
71480
28675
24728
44039
12692
50713
11413
31310
79744
59704
6025
61652
32649
36421
18586
29687
29711
26781
25371
58816
31175
60206
30735
38153
10139
24608
909
7039
15349
49731
85398
34379
56573
28279
94932
50004
47394
14523
16395
51567
11570
20881
64478
49242
54960
30238
71499
56821
28713
77806
17751
25037
34185
20418
74404
24260
46458
9296
13951
86468
91468
85042
95640
61123
47662
86434
74481
77161
84353
79434
61264
17803
99069
71035
5993
80165
74000
39196
29616
13447
6993
56220
72613
84897
83456
67689
10597
85476
31857
32970
82543
31099
19578
63367
30251
75285
69518
74987
30837
942
94772
32431
51584
26168
12473
32706
17163
30229
41159
85181
4396
87257
10625
98743
53102
45720
41716
37055
27879
90231
53335
20109
27758
20428
44724
94843
51140
1300
19421
91209
86231
1601
85207
8345
99073
71644
19171
21306
65011
77215
9085
22345
72519
4472
99571
94375
60396
41790
86596
80281
49406
4146
88389
89974
32685
1517
66121
74444
75159
32332
44533
83778
21742
71740
68805
26829
61269
35247
30041
56005
11326
7236
39391
94025
17552
12291
67980
11887
39513
29837
94906
32696
20465
81418
53816
81471
83444
13085
99317
42787
92867
12728
92393
37104
64252
74630
4479
29184
90145
77425
95006
18242
78353
61696
80856
74239
81692
76956
31443
24192
50969
1115
7931
42545
62246
80115
88144
96078
91042
38547
69218
36336
32173
70656
71666
13192
43182
47054
23601
21146
94282
8058
13977
56825
76316
55979
55478
39673
5231
24150
26199
65610
25383
84357
81173
68726
88238
13520
42610
16903
30801
6053
4549
15363
42622
3672
9157
39383
43241
96767
73785
4250
92040
74328
13498
78512
8082
68533
9802
90338
99547
58044
61076
78002
23097
28274
53391
38395
26156
75652
79319
67318
23599
85464
70686
85433
99363
72178
80516
58563
99276
34884
28065
24977
10006
61541
22876
69995
1876
39167
62054
99031
71595
9249
27571
33664
99282
79958
38464
48905
37300
11158
9469
75367
52294
86511
55171
1248
1925
88238
41316
21948
27325
2582
47638
69568
27662
49237
87173
16909
71707
57467
73539
90654
29792
79214
12191
44363
70577
55953
86427
57474
88021
19825
95804
61838
25263
10911
41298
23703
5800
18626
357
90395
51876
76799
44101
96202
34897
81266
14412
31481
54891
5168
46974
89214
49132
53312
48316
18178
73914
41900
42517
74852
37469
50885
56601
56967
83967
85979
92842
72096
39080
1883
82432
51520
84576
35367
56181
56850
33513
14193
8021
11923
46445
94361
81806
39739
84042
33050
4676
37632
2
90074
54700
69851
9419
1696
87924
5948
30001
37446
64746
90814
80766
35860
40862
54754
174
68340
1166
28287
97543
99336
78252
10101
3813
25191
3699
55487
98698
57058
70458
79391
35532
96042
10995
12639
71447
53621
88347
10488
27892
71695
83223
49104
69014
49013
12495
52688
24833
25611
28692
64666
55834
64568
73915
91372
19198
29749
56536
75001
61720
63078
39825
55404
50762
88353
90455
82024
52864
85337
37634
6494
9305
92206
8666
72781
72117
6778
72162
36476
11323
90154
29774
21919
18915
4078
36178
66452
62081
55948
78146
22956
29521
60136
51739
27043
6212
66195
30845
45782
97648
39394
92179
39292
56240
19311
79818
98651
3150
34374
840
80902
23364
47470
55186
83553
26741
19899
25622
49747
39276
76783
61311
25970
18410
76137
53381
61526
32340
29978
25071
7155
50049
21619
54724
90218
25676
63885
83262
96813
16039
24885
82
99971
26030
73919
21045
92502
91649
49501
5075
32714
11799
21614
79953
31816
64837
46202
2252
35270
84935
18424
54775
88753
27262
92951
3421
43419
68680
77713
88225
15912
73198
63604
83292
6180
30048
74029
42766
25971
67393
4389
59565
63554
72372
10904
13626
66824
95933
75023
60856
91320
37073
93622
58418
89835
61902
7422
29831
74096
94004
52659
58523
15614
41150
50172
4686
48169
79423
25558
59085
56232
5151
16348
54318
50192
47257
31162
19187
90755
33338
28364
6184
7929
61752
66633
54829
43426
85524
41138
20731
11531
39664
54026
98088
43455
18178
96558
8609
52661
2889
93565
48330
53256
27641
72025
86382
48722
48957
94692
6009
74117
46308
71607
34122
31467
73746
47539
6061
30571
83352
49327
46704
5059
87833
20554
66459
87389
75067
90752
63826
12866
22867
63043
20079
56912
35015
53526
4591
63869
13776
22706
73883
26268
80255
2131
35751
61214
80411
29161
59837
30848
15690
50343
55519
6796
31354
64883
18875
46569
80047
9173
47890
98171
13873
80735
87679
90796
79459
21347
18385
77192
71177
82334
12110
42040
10176
5125
53504
1278
17207
75043
34105
60655
40332
56234
50187
61727
30
82726
63440
4032
10516
28116
2369
78527
6199
13743
46173
73868
91738
81504
72744
27979
10610
18574
44937
67056
92390
70283
20827
16256
3626
22889
77512
25364
60088
87674
73204
42080
41966
98355
96024
12930
62451
42920
14145
44298
18150
82488
82211
72779
58834
80915
35643
77322
22303
16293
5468
47283
93695
42196
85447
49743
56020
27827
67394
91985
56752
77499
13652
10912
32307
56406
44303
7838
71459
1661
91035
26424
66297
40379
76194
15325
76458
3842
71173
4972
78711
87780
20929
10627
20273
51248
13849
16488
13592
14165
4299
74911
76718
24299
6684
51849
41580
30495
94432
97890
20201
21256
46594
20572
63045
88207
88223
78064
73014
34236
44402
35301
83254
42538
92652
47961
64560
84700
46015
52024
84625
51287
50310
66709
39811
9296
51360
40298
65201
32993
19829
89857
69103
18937
31850
14466
25066
61770
67419
84307
67652
83441
32742
63119
85736
65848
84532
42424
92668
92682
44406
54998
63750
11106
17959
59737
209
70740
16233
18841
7716
8388
79076
25542
48519
38759
12063
27120
74167
37280
95251
41925
45495
48105
3856
54577
81917
72824
24776
92457
37089
87777
54948
78732
54632
20298
30896
1430
57594
50612
89742
98650
64352
5056
82698
91565
66732
28695
43521
27255
78364
86143
11840
61803
56479
30152
60135
98873
64947
34859
84500
80245
9936
35843
68114
45327
3510
98124
67779
54320
58346
26577
61698
16323
80240
88144
23742
84702
46288
93128
32356
54792
2932
18127
13714
50378
6005
76638
32500
7340
8060
34562
81289
5905
28540
99526
55223
3901
14483
66020
35283
30856
85028
55077
26703
84613
40715
60849
89247
28861
20
72640
24174
61091
92264
63155
73606
52364
35587
92429
89732
28836
92509
77712
14187
12545
58205
43162
15766
91678
11873
40692
58094
73216
93004
36897
76177
59369
51238
22163
77272
88519
62273
50358
53778
52487
78588
21324
83728
66571
56423
80020
61515
39416
986
69683
26547
11401
82610
67255
64029
98528
25459
69692
93574
15098
10989
19742
99705
36697
72101
74394
35167
68011
98319
32687
90011
69516
82701
35460
69007
32622
84203
20647
66203
72937
47781
30156
98405
59594
16711
68523
70547
33807
24914
81351
20231
79505
37878
59246
54543
28518
45590
4357
78055
77126
7543
52521
67889
18379
62973
47234
85263
71760
37037
20273
10620
97188
18759
9522
41027
85194
13179
70050
79133
86011
15754
31186
82758
72114
26756
38387
21270
69118
9687
76105
33878
630
85304
83612
24600
69284
60248
61243
40822
11553
20832
64293
21509
70010
19409
90669
57032
96354
47581
22886
72307
66839
43358
28182
52800
36956
3033
30775
12459
28880
58633
57018
21888
84284
96636
64600
17593
72373
79823
75735
41300
53239
81235
70751
49045
60819
50667
92368
66527
28630
63290
45110
1807
65934
54649
29320
84126
43712
70052
1629
27764
13192
84452
40265
12546
24311
58346
10121
52084
57483
41821
79013
97127
51257
19811
57065
12229
72759
53337
83625
1850
84305
5086
60727
43001
59803
33022
76209
52309
42466
72012
87743
28088
64187
97653
55274
73441
76350
7079
2968
71778
43349
63264
64380
34396
27669
91861
32566
66286
43094
93470
80158
74018
59995
32095
29344
42641
46642
76875
13187
240
14032
69624
77913
86026
49233
39777
71672
27268
44512
44468
76942
16372
54100
30684
34671
9946
8696
19035
9056
35961
48020
76554
80030
51805
91429
21166
55384
30089
43475
210
98905
92996
59731
68720
26464
28396
13529
40458
41068
54518
27806
74800
14384
14301
17697
57211
6170
54421
74563
38687
35642
41242
34510
58323
63964
61057
82542
64365
83459
47006
56049
63320
52865
98554
14628
20617
38118
48219
78159
71378
68214
32332
20798
23808
14710
515
13327
81945
13791
10591
35778
78723
97818
79333
35583
33272
69847
78328
9414
74810
82147
33831
36377
79621
64405
75519
38492
7362
45488
9509
13067
22330
30593
81591
8625
91320
94053
11649
85638
42110
98032
96328
65620
17490
97363
78304
83486
5144
4953
87844
52418
96956
1188
20947
11687
85135
15820
7955
44556
48392
39353
22021
33122
24450
14686
16601
64669
93517
51897
85218
62325
31131
10791
99085
43204
73873
55338
81100
83771
75055
58282
48298
16714
74145
31694
68109
42416
52580
68419
43451
86939
8205
40251
23510
38527
50157
42240
85018
1140
38645
50104
41294
69067
87816
39123
36674
94319
41077
58821
61521
60674
61647
63705
35650
42374
57691
57892
56563
54669
85086
84866
50933
51739
83723
47372
66245
47472
48879
42623
20485
81215
80822
4941
74344
67046
28400
46849
85481
15611
67331
30548
98321
57525
75635
43176
78785
42594
30188
13995
63956
59420
37809
20602
28896
20146
2246
81938
25498
50414
63698
14392
55134
43596
11177
92566
65314
66847
95899
75164
44752
30538
16736
2708
63018
82938
35871
17967
28892
79233
80698
85000
87159
2791
24537
2256
85273
47022
86752
21915
19103
37987
39062
49571
85951
9469
94698
76918
35037
77316
13839
69717
9114
82498
7400
31241
31454
52187
12515
92725
91987
3720
82173
78899
43259
17476
75042
15859
88725
90849
12730
72646
71395
34194
43857
81830
82868
39312
60005
89536
63301
10523
7355
20567
19672
45675
52036
73590
3402
16526
82049
42116
17744
23060
98670
61469
35783
75879
21575
56928
3523
58732
95611
65390
54465
43777
49057
3982
55466
22066
22490
896
46349
88460
25641
1776
16850
37701
91451
53582
49604
39559
47138
76359
43744
37223
75805
43348
52912
88149
18216
92602
29500
57683
66927
74857
11316
43426
46384
20200
67004
88957
86593
367
16603
31058
29565
80759
36018
85406
24443
6055
16390
37741
2761
40067
49784
14188
29097
1956
97253
43932
56535
34599
21866
93983
79536
50492
99378
51341
33229
93763
40344
47731
82254
21125
44218
25320
40076
52095
91582
37227
49749
1748
24429
16355
15136
80882
28611
25571
58625
87042
20967
39918
42837
53756
14512
11948
31536
84839
49743
13047
57978
24576
20800
75235
92857
85008
47714
79598
90595
14688
74354
81209
47105
84459
22404
17438
91111
60709
83517
1289
90514
81043
12404
74907
98405
42339
40959
73984
12046
18606
15224
58574
23380
60715
65862
38027
56873
15135
69887
68735
73422
46287
47614
54112
6169
25074
11340
80693
46619
35332
4068
97444
33143
75404
66084
73579
35864
23693
23647
32991
85674
81620
24901
24416
60197
15196
93203
88794
46563
70214
30399
42869
62688
41924
35591
90054
80905
64812
67420
59054
25511
26934
81454
48301
3503
53730
62664
4050
16893
96152
40873
91042
64923
89756
55167
4202
95528
94203
48053
79761
92185
43057
38557
97350
13583
67220
76240
38669
23047
91906
69639
68456
2284
47174
72518
28529
8374
49285
